X,Y,is_wing_root
318.0,957.4748603364606,NO
319.02121175052645,957.4466945265694,NO
320.0322391399119,957.3723100625193,NO
321.03464732425255,957.2531375851271,NO
322.01789426831823,957.1016848891734,NO
322.9834481888154,956.9268450805478,NO
323.93184173423407,956.7289337847162,NO
326.0224461976143,956.0598006877751,NO
328.10423078375834,956.9423764743284,NO
329.13312209843656,958.9335718069727,NO
330.1436039188593,960.9286297167786,NO
331.1514344656754,962.9245880744988,NO
332.1590497688952,964.9198259361372,NO
333.1738406359849,966.9134388600082,NO
334.18805971153785,968.9118772687641,NO
335.2306565300465,970.7713998375124,NO
335.94929671514365,971.0752318234154,NO
337.04337271265695,971.9240197447683,NO
338.13122578618237,972.8375488112258,NO
339.2500159071209,973.6605245566578,NO
341.0963272461684,974.8590218859488,NO
342.1868132941788,975.7771816312256,NO
343.65920411343376,976.6208297109292,NO
345.1477857600488,977.824380155584,NO
346.3206233620691,978.4871493677322,NO
347.02274370557774,978.958659231197,NO
348.1140644430778,979.8502466744534,NO
349.20846198393286,980.7388073218793,NO
351.0799789605799,981.8742418397445,NO
352.19238981360456,982.7449102566802,NO
352.984757119297,983.0325628818116,NO
353.9439750252644,983.332241123758,NO
354.97874390760035,983.4879239476915,NO
356.07161095272846,983.7498521422926,NO
356.99865232943444,984.0033527413283,NO
357.9445840702827,984.259285535537,NO
358.964985273677,984.4464377597843,NO
360.0619246071839,984.6369936684016,NO
361.0321066095364,984.9185354731702,NO
361.9503687313716,985.1562465828036,NO
362.9565889275817,985.4099934702609,NO
364.0456539802128,985.5713598601184,NO
365.052713935671,985.847249389038,NO
365.9701289044255,986.0819046184903,NO
366.946429182747,986.3458369275797,NO
367.97450469106315,986.4922555731795,NO
369.0690314863012,986.7588626075388,NO
369.99546464403164,987.0112283092362,NO
370.94213699075215,987.2707351733907,NO
371.9704527998217,987.4566385302335,NO
373.0661617352575,987.6556889474209,NO
374.0269863945579,987.9315270626439,NO
374.94969998160275,988.1698874847401,NO
375.95650654691286,988.4107715099274,NO
377.0456315214458,988.571570722983,NO
378.05243645453555,988.8506000478983,NO
378.9696709530281,989.0845235777399,NO
379.9485020702636,989.3455782258578,NO
380.9717912995756,989.4883023120066,NO
382.0681807446209,989.7405061128649,NO
383.0015953864593,989.9960115337876,NO
383.94082700005055,990.2494068546824,NO
384.9673218696519,990.4552555949498,NO
386.07026870737275,990.6937005056036,NO
387.0135891369033,990.9676146736666,NO
387.94070476980187,991.2191345513851,NO
388.96664117162766,991.4477105765249,NO
390.05729903148404,991.6154933267227,NO
391.0440745329449,991.866202315501,NO
391.98440145328135,992.0697829708165,NO
392.97763096952247,992.2376709468228,NO
393.9694029655769,992.3320103604198,NO
394.9689530363618,992.4166829192751,NO
395.98314171922294,992.4776513189524,NO
396.9990216063767,992.49898077391,NO
398.0,992.5000000004902,NO
399.0,992.5000000004902,NO
400.01237147406096,992.5146575576014,NO
401.03805982719905,992.5870104020174,NO
402.0446493144611,992.7321041132336,NO
403.01934900551885,992.9170756902708,NO
403.9827149612372,993.0937805295786,NO
404.97963951282287,993.235996562976,NO
405.9775871608308,993.3175152243301,NO
406.9734675460024,993.3866157665001,NO
407.97622440710705,993.4490945372625,NO
408.99040736123305,993.4892245643546,NO
410.0,993.5000000004902,NO
411.0,993.5000000004902,NO
412.00580679289226,993.5064225908243,NO
413.0289582466686,993.5524634781941,NO
414.04219445982534,993.658425802879,NO
415.03107084260336,993.7942061010687,NO
416.0093269748152,993.9493962004053,NO
416.98330877172674,994.1038113045608,NO
417.9759199405852,994.236169814104,NO
418.97417273824743,994.3292975867299,NO
419.97644254913814,994.4004766631571,NO
420.97951203831593,994.454298273308,NO
421.9904059061759,994.4892987722673,NO
423.0,994.5000000004902,NO
424.0,994.5000000004902,NO
425.01510386734714,994.5185642096941,NO
426.0443238976504,994.610255391497,NO
427.0439284074518,994.7781832779618,NO
428.0091738037971,994.9582264271122,NO
428.98088321472665,995.1249943613356,NO
429.9767614592133,995.2521628794318,NO
430.97411072027774,995.3385520999851,NO
431.97514329170076,995.4089329286115,NO
432.9809539123608,995.4625478732157,NO
433.9932384101289,995.4926301177381,NO
435.0,995.5000000004902,NO
436.0,995.5000000004902,NO
437.0095865275837,995.5110871059846,NO
438.0364807747123,995.5771546440952,NO
439.04742142894423,995.7251712610507,NO
440.0213634928099,995.9027198048088,NO
440.9915645332509,996.0597512255789,NO
441.9914033932232,996.1623803519781,NO
442.996460367702,996.2005791540863,NO
443.99341288588136,996.2239618875453,NO
444.9920309594322,996.2540131779207,NO
445.9939418000921,996.2808801832557,NO
446.9865413285071,996.3119964731914,NO
447.9911530463513,996.3470727958921,NO
448.9882279082517,996.3752354389871,NO
449.9921310169886,996.4013181231159,NO
450.99174503731604,996.421003085902,NO
451.9904784873469,996.4414519592547,NO
452.9946053136385,996.4585483531132,NO
453.98975883239314,996.4748177805136,NO
454.9942133736466,996.4918632533258,NO
455.99902156181946,996.4990034980874,NO
457.0,996.5000000004902,NO
458.0,996.5000000004902,NO
459.0,996.5000000004902,NO
460.0,996.5000000004902,NO
461.0,996.5000000004902,NO
462.0,996.5000000004902,NO
463.0,996.5000000004902,NO
464.0,996.5000000004902,NO
465.00865936036655,996.5093029357207,NO
466.0056017781893,996.5238488410449,NO
467.01249916546806,996.5446732632832,NO
468.021848874655,996.5872990298462,NO
469.01709370630584,996.6367587494673,NO
470.02338439857306,996.7018489187503,NO
471.0116589138466,996.7621581646263,NO
472.01352983645455,996.827494585527,NO
473.0073389949922,996.9015029652003,NO
474.0019152118287,996.9663186875673,NO
474.9965678249794,997.0380523752284,NO
475.9949863423884,997.1065402217631,NO
476.99065333243834,997.1588933479555,NO
477.9918263298737,997.2084285866672,NO
478.98976662987593,997.2485247194269,NO
479.9898764119906,997.2868350117749,NO
480.9950850662521,997.3133270061453,NO
481.996150667487,997.3271932724459,NO
483.01857878614817,997.2960994020258,NO
484.02365584897035,997.1977784076723,NO
485.009416557631,997.0522004789113,NO
485.9774594955059,996.8872974758168,NO
486.95908099940294,996.7217507992927,NO
487.96239867066663,996.591985591427,NO
488.984886289472,996.5182504582908,NO
490.0,996.5000000004902,NO
491.0,996.5000000004902,NO
492.0,996.5000000004902,NO
493.0038890904491,996.4958590611215,NO
494.0175403570365,996.4708201195355,NO
495.0254477921049,996.4186572102341,NO
496.0260363816476,996.3494356368865,NO
497.0243091270353,996.263779878692,NO
498.020442783829,996.1408894554883,NO
498.9955772295034,995.9789195061775,NO
499.96245672630334,995.8046217495137,NO
500.95349533660993,995.6406457603155,NO
501.97612141721237,995.53161243229,NO
503.0,995.5000000004902,NO
504.0,995.5000000004902,NO
505.0,995.5000000004902,NO
506.002923121459,995.4969306637607,NO
507.01404643244075,995.4775787190046,NO
508.02449042726937,995.430693733246,NO
509.029455518882,995.3576741777164,NO
510.0248616362638,995.2697751913602,NO
511.02073413430753,995.1510629814477,NO
511.9977437919728,994.989345684325,NO
512.9612953835093,994.8120061468396,NO
513.9518386215947,994.6387896701048,NO
514.9787030455974,994.5277631927949,NO
516.0,994.5000000004902,NO
517.0,994.5000000004902,NO
518.0,994.5000000004902,NO
519.0,994.5000000004902,NO
520.0067603357496,994.4925387460302,NO
521.02487944396,994.4531612949033,NO
522.0332070791508,994.3763468895354,NO
523.0282069504786,994.2820694878905,NO
524.0212720109929,994.1669034739531,NO
525.0026139707626,994.0133312511927,NO
525.9687058523783,993.8435292595137,NO
526.9583094705237,993.6778458883496,NO
527.9692549766042,993.5644454980975,NO
528.990410611624,993.5109412055806,NO
530.0,993.5000000004902,NO
531.0,993.5000000004902,NO
532.0,993.5000000004902,NO
533.0067612311769,993.4926039843073,NO
534.0207348883586,993.4597736038248,NO
535.0301364592907,993.3940921373028,NO
536.0293591684243,993.3055750002765,NO
537.0239502722798,993.1938831557184,NO
538.0084835475479,993.0470283581565,NO
538.9764043144347,992.882021570381,NO
539.9564390338513,992.7151783071758,NO
540.9639532529634,992.5821854195771,NO
541.9876266883962,992.5145854693824,NO
543.0,992.5000000004902,NO
544.0,992.5000000004902,NO
545.0,992.5000000004902,NO
546.0,992.5000000004902,NO
547.0114532655857,992.4867637719769,NO
548.0305448058775,992.4327180870362,NO
549.0332318397079,992.3458823928925,NO
550.0265322179862,992.2416327046267,NO
551.0171159761468,992.0909286204361,NO
551.9816993741459,991.9166667889447,NO
552.956422708777,991.7385362526621,NO
553.9592868343707,991.5928683680944,NO
554.9876308606264,991.5147491491808,NO
556.0,991.5000000004902,NO
557.0,991.5000000004902,NO
558.0,991.5000000004902,NO
559.0058086219926,991.4937328827058,NO
560.0173949205072,991.4669162968249,NO
561.02520311021,991.4146317985554,NO
562.0274537615392,991.3414980239584,NO
563.0248360759634,991.2483607447575,NO
564.0186648435777,991.1069558419848,NO
564.984833367767,990.9333191181718,NO
565.9561036407804,990.7512539644223,NO
566.959891892263,990.5989189466562,NO
567.9848898855043,990.5183650818262,NO
569.0,990.5000000004902,NO
570.0,990.5000000004902,NO
571.0,990.5000000004902,NO
572.0019528123379,990.4979671607734,NO
573.0131927974718,990.4805947594167,NO
574.027780232213,990.4293308445723,NO
575.0297088366548,990.352360613805,NO
576.0254096505691,990.2591784338655,NO
577.0204778623806,990.1186785219204,NO
577.9874661235762,989.9448941650442,NO
578.9582695306593,989.7635273404031,NO
579.958799128886,989.6108806536023,NO
580.9813099427475,989.5234035436152,NO
582.0,989.5000000004902,NO
583.0,989.5000000004902,NO
584.0,989.5000000004902,NO
585.0,989.5000000004902,NO
586.0,989.5000000004902,NO
587.0086575578493,989.4905949216457,NO
588.0110501722829,989.4696323071502,NO
589.0121833664942,989.4438226313771,NO
590.0145414906118,989.4120089267751,NO
591.0111787864795,989.3800787530506,NO
592.0141674648775,989.3440670268914,NO
593.0113645825321,989.3050493268228,NO
594.0154629045985,989.2543897118715,NO
595.0117760400819,989.1937348461495,NO
596.0112403379842,989.1102417766689,NO
597.0001381436298,989.0010838961923,NO
597.9897613959174,988.8934349433835,NO
598.9798512912703,988.7985129247719,NO
599.9796467796713,988.7116627094977,NO
600.9709302769961,988.6384009911106,NO
601.9745100331569,988.5666705652836,NO
602.9906388254021,988.5225801079603,NO
603.9941901785746,988.5061651655034,NO
605.0,988.5000000004902,NO
606.0,988.5000000004902,NO
607.0,988.5000000004902,NO
608.0,988.5000000004902,NO
609.0,988.5000000004902,NO
610.0,988.5000000004902,NO
611.0,988.5000000004902,NO
612.0,988.5000000004902,NO
613.0009784269238,988.4989977571449,NO
614.0086214773378,988.4885503594185,NO
615.0153994041078,988.4619821542319,NO
616.0126739697303,988.4309149852842,NO
617.0155289625853,988.3959885429747,NO
618.0120069208514,988.3602076497074,NO
619.0144367362949,988.3201189299394,NO
620.0138685396573,988.2720367291296,NO
621.0109010558903,988.2223815335255,NO
622.0106408248736,988.1644491052087,NO
623.0079963141121,988.0832269378927,NO
623.9970407658217,987.9767813929412,NO
624.9877277394189,987.869607232424,NO
625.9780705289966,987.7763193974396,NO
626.9761798160041,987.6885053041119,NO
627.9767882684283,987.6181295907934,NO
628.9740236161756,987.5584014766322,NO
629.9914514889418,987.5155843962308,NO
630.9970766751247,987.5030347554714,NO
632.0,987.5000000004902,NO
633.0,987.5000000004902,NO
634.0,987.5000000004902,NO
635.0,987.5000000004902,NO
636.0,987.5000000004902,NO
637.0,987.5000000004902,NO
638.0,987.5000000004902,NO
639.0,987.5000000004902,NO
640.0009784418155,987.4990053519475,NO
641.0048323145866,987.4928960832359,NO
642.0120928017528,987.4744099134213,NO
643.0114391985577,987.4487685573863,NO
644.0178125682461,987.4129277153535,NO
645.0166396838015,987.3689668955828,NO
646.0140281795968,987.3251987064106,NO
647.0141652830507,987.2778574647009,NO
648.0111756213751,987.2279826692483,NO
649.0127507484924,987.162572042975,NO
650.0070523396375,987.0799265142977,NO
650.9962970920222,986.9726306804153,NO
651.9845776224511,986.8569925016247,NO
652.978214787714,986.7584682985679,NO
653.9702759428491,986.6704506707183,NO
654.9785104318994,986.5940859315033,NO
655.9766254656213,986.5414995353221,NO
656.9941923031761,986.5063457566332,NO
658.0,986.5000000004902,NO
659.0,986.5000000004902,NO
660.0,986.5000000004902,NO
661.0,986.5000000004902,NO
662.0,986.5000000004902,NO
663.0,986.5000000004902,NO
664.0,986.5000000004902,NO
665.0,986.5000000004902,NO
666.0,986.5000000004902,NO
667.0058099553341,986.4938462167369,NO
668.008447164412,986.4786726274244,NO
669.0192430653849,986.4460892396856,NO
670.0174093764028,986.4035809954202,NO
671.0094477461618,986.3706423482544,NO
672.0119863150617,986.3396122816025,NO
673.0118424169609,986.3019816302526,NO
674.0148191296978,986.2519252039223,NO
675.0097298959481,986.1984898714201,NO
676.0123364959346,986.1187096767873,NO
677.0016377045422,986.0141564290831,NO
677.9910864028448,985.9108640337868,NO
678.9869751389951,985.8251926607088,NO
680.010785221817,985.8166512297952,NO
681.0113729960902,985.91593872532,NO
681.9948981015242,986.0388353454391,NO
682.9852500340442,986.1504496516228,NO
683.982808848568,986.236959102469,NO
684.9846677724444,986.3007475291236,NO
685.982797060849,986.3509399482095,NO
686.9771152799273,986.4024554334652,NO
687.9795102061711,986.454338899128,NO
688.9913802991001,986.4884496946089,NO
689.9990215730762,986.4989977571449,NO
691.0,986.5000000004902,NO
692.0,986.5000000004902,NO
693.0,986.5000000004902,NO
694.0,986.5000000004902,NO
695.0,986.5000000004902,NO
696.0,986.5000000004902,NO
697.0095904670637,986.510886192504,NO
698.0285014426038,986.5595231771002,NO
699.0352557550311,986.6474424708073,NO
700.0276962504072,986.7521914443116,NO
701.017172762987,986.8730708834318,NO
701.9990183066081,987.0064187642843,NO
702.9862456213298,987.1299024679223,NO
703.9882296440275,987.2143886239011,NO
704.9874599692637,987.2664756469345,NO
705.9812943585486,987.3179959034875,NO
706.9755492542889,987.3778751461141,NO
707.979509054112,987.4354325899709,NO
708.986961964744,987.4749569930502,NO
709.9951485550374,987.49484738158,NO
711.0,987.5000000004902,NO
712.0,987.5000000004902,NO
713.0,987.5000000004902,NO
714.0,987.5000000004902,NO
715.0,987.5000000004902,NO
716.0,987.5000000004902,NO
717.0058071712251,987.5063904325309,NO
718.0266085359376,987.5476548907488,NO
719.0348242266,987.62999259549,NO
720.0294387652958,987.7318969532432,NO
721.0193142247427,987.8484576184478,NO
722.002610850133,987.9837617846997,NO
722.9850678962964,988.117159585071,NO
723.9882526379765,988.2139698055487,NO
724.9891311291826,988.2639583087123,NO
725.9835914617083,988.3099390599602,NO
726.9808311915468,988.3620774969071,NO
727.9847800796002,988.4085347138047,NO
728.9833895404305,988.4458597133312,NO
729.9878111001594,988.4781799153141,NO
730.9961105506004,988.49590482732,NO
732.0,988.5000000004902,NO
733.0,988.5000000004902,NO
734.0,988.5000000004902,NO
735.0,988.5000000004902,NO
736.0,988.5000000004902,NO
737.0058076968239,988.5063457566332,NO
738.0233440156453,988.5420981719939,NO
739.030519090556,988.6108815961377,NO
740.0273669765547,988.6965835208057,NO
741.0252442677321,988.8134119358623,NO
742.007381277545,988.9577027928754,NO
742.9885598044118,989.0941048344266,NO
743.9893161473436,989.1878884486341,NO
744.9855267044467,989.2460460234876,NO
745.9833892515828,989.3025529137288,NO
746.9840730383089,989.3531630577457,NO
747.9844784750194,989.395798884055,NO
748.9838268550162,989.4341212689492,NO
749.9843442152824,989.4696735730423,NO
750.9941911123448,989.4937554640283,NO
752.0,989.5000000004902,NO
753.0,989.5000000004902,NO
754.0,989.5000000004902,NO
755.0,989.5000000004902,NO
756.0,989.5000000004902,NO
757.0058086219926,989.5062671172942,NO
758.0173923797564,989.5331519022759,NO
759.026644928006,989.5882147652093,NO
760.029740719763,989.6702659330625,NO
761.029655494391,989.7928177870291,NO
762.0104153015548,989.940979957856,NO
762.9895306170306,990.0808997825739,NO
763.9849253009269,990.1875145574462,NO
764.9819572360682,990.2629088514727,NO
765.9821219909331,990.3256351609816,NO
766.9822449112868,990.377295626361,NO
767.9809057900527,990.4233933440023,NO
768.9836069919947,990.464468589582,NO
769.9922888468552,990.4915859811542,NO
771.0,990.5000000004902,NO
772.0,990.5000000004902,NO
773.0,990.5000000004902,NO
774.0,990.5000000004902,NO
775.0,990.5000000004902,NO
776.009589388376,990.5109412055806,NO
777.03076176301,990.5642083535614,NO
778.0400162116373,990.6708343890218,NO
779.0310801805779,990.817805831154,NO
780.0041456936439,990.9779760032056,NO
780.9824472054104,991.1278846487686,NO
781.9784958115567,991.2437141308288,NO
782.9742891926219,991.3278127934578,NO
783.9740836565726,991.4005252917472,NO
784.9802710611993,991.4573526687874,NO
785.9913454200009,991.4904261768027,NO
787.0,991.5000000004902,NO
788.0,991.5000000004902,NO
789.0,991.5000000004902,NO
790.0,991.5000000004902,NO
791.0,991.5000000004902,NO
792.017807162313,991.5220182650032,NO
793.0390500023883,991.6016899786208,NO
794.0380917529001,991.7263831976571,NO
795.0218086948074,991.8816762301475,NO
795.9933050634465,992.0388002009067,NO
796.9797886518714,992.177720470926,NO
797.9764592149505,992.2792046543548,NO
798.9777085356894,992.3552702097975,NO
799.9789152435997,992.4135855906493,NO
800.981026457925,992.4607860522534,NO
801.9922895522444,992.4915410125983,NO
803.0,992.5000000004902,NO
804.0,992.5000000004902,NO
805.0,992.5000000004902,NO
806.0,992.5000000004902,NO
807.0058071712251,992.5063904325309,NO
808.0265873419136,992.5480151891554,NO
809.0386585476124,992.6415298375803,NO
810.0344023698859,992.7779087474696,NO
811.0115729307904,992.9432481274399,NO
811.9841034145109,993.1026235283778,NO
812.979378566377,993.2286289379941,NO
813.976683056302,993.312937918241,NO
814.9791473135567,993.3798167839292,NO
815.9788003589039,993.4324726654559,NO
816.9851116026915,993.4745676825594,NO
817.9961107275284,993.4958822689925,NO
819.0,993.5000000004902,NO
820.0,993.5000000004902,NO
821.0,993.5000000004902,NO
822.0,993.5000000004902,NO
823.012375713375,993.5144912460503,NO
824.033275384359,993.5757388502165,NO
825.0401419971314,993.689811820858,NO
826.0281636915701,993.8421595365375,NO
826.9991302403064,994.004572963303,NO
827.9799991135427,994.1545523141536,NO
828.9776182395697,994.2654580835624,NO
829.9742333500427,994.3458155537936,NO
830.9756397192641,994.4141247709654,NO
831.9817354226292,994.465746719482,NO
832.9941915111847,994.4937215626401,NO
834.0,994.5000000004902,NO
835.0,994.5000000004902,NO
836.0,994.5000000004902,NO
837.0,994.5000000004902,NO
838.0,994.5000000004902,NO
839.0178021382087,994.5221531225435,NO
840.0415015290152,994.6080411066982,NO
841.0392677890285,994.743249079775,NO
842.0183471301103,994.9004570599116,NO
842.9906819817213,995.0559081096721,NO
843.9794124110589,995.190903094072,NO
844.9756343372323,995.2889880875625,NO
845.9740525100271,995.3675894444852,NO
846.9780333131529,995.4308849949122,NO
847.9851125194127,995.4745384620707,NO
848.9961107275284,995.4958822689925,NO
850.0,995.5000000004902,NO
851.0,995.5000000004902,NO
852.0,995.5000000004902,NO
853.0,995.5000000004902,NO
854.0058076968239,995.5063457566332,NO
855.0233094596138,995.5427760018164,NO
856.0395195589871,995.6335459140656,NO
857.0342710162788,995.760572361405,NO
858.0155390697859,995.8983983930425,NO
858.9954703901255,996.0325366326131,NO
859.9854815205458,996.1480884893236,NO
860.9874722331714,996.2281843214589,NO
861.9826375098282,996.2856409573003,NO
862.979004764392,996.3454054768927,NO
863.987629246818,996.3943177729249,NO
864.9857735479753,996.4267935893741,NO
865.9865189814562,996.4583546458618,NO
866.9914816508062,996.4827064315298,NO
867.9961103137476,996.4959350260459,NO
869.0,996.5000000004902,NO
870.0,996.5000000004902,NO
871.0,996.5000000004902,NO
872.0,996.5000000004902,NO
873.0,996.5000000004902,NO
874.0,996.5000000004902,NO
875.0,996.5000000004902,NO
876.0029232915016,996.5030404289976,NO
877.0094752642785,996.5167615343976,NO
878.0281624503747,996.5647621477075,NO
879.0290300631821,996.6388943206226,NO
880.0239501233455,996.7223962892823,NO
881.0217741190135,996.8317454334149,NO
882.0062213104582,996.9462225706571,NO
882.9940661647827,997.0540402861576,NO
883.9859728330288,997.1522096781463,NO
884.988929025374,997.2258478756321,NO
885.9841735288015,997.2783276048885,NO
886.9844448527131,997.3305468721431,NO
887.986084441656,997.3735228894875,NO
888.9830226686622,997.4123066454354,NO
889.9877113320277,997.4476586137441,NO
890.9888577291226,997.4735464972881,NO
891.9932367831035,997.4927486581596,NO
893.0,997.5000000004902,NO
894.0,997.5000000004902,NO
895.0,997.5000000004902,NO
896.0,997.5000000004902,NO
897.0,997.5000000004902,NO
898.0,997.5000000004902,NO
899.0,997.5000000004902,NO
900.0,997.5000000004902,NO
901.0095915505269,997.5108309358858,NO
902.0262076442629,997.5544700491948,NO
903.0227331936185,997.6135357099287,NO
904.0296401814027,997.6976701519566,NO
905.0236393731359,997.8055470924645,NO
906.0087198495557,997.9073515992496,NO
906.9977547247763,998.0168395637984,NO
907.9871945865127,998.128054127202,NO
908.989888239824,998.2062799014357,NO
909.9863815012575,998.2572383123522,NO
910.9899488337928,998.3015350064462,NO
911.9860693286712,998.3383163260455,NO
912.9843904032911,998.3790902308251,NO
913.9886235834347,998.414426598599,NO
914.985185602951,998.4444319412886,NO
915.9879096422353,998.4743140338879,NO
916.9951676854134,998.4928960832359,NO
917.9990215581845,998.4990053519475,NO
919.0,998.5000000004902,NO
920.0,998.5000000004902,NO
921.0,998.5000000004902,NO
922.0,998.5000000004902,NO
923.0,998.5000000004902,NO
924.0,998.5000000004902,NO
925.0058094204187,998.5061992510715,NO
926.0120885338599,998.5257575192988,NO
927.0172595974226,998.5598802690043,NO
928.0282483996582,998.620876753952,NO
929.0196377564678,998.6870232586315,NO
930.0188210247843,998.7600319344483,NO
931.0180940893747,998.8752974927053,NO
931.9991358844452,999.0061208187975,NO
932.9877900472372,999.1220995203136,NO
933.9910429400976,999.1986130641164,NO
934.994477439529,999.2347088125865,NO
935.989032870298,999.266344596067,NO
936.9867188909839,999.30788025217,NO
937.9790110955607,999.3568113741355,NO
938.9773181095298,999.4131344282786,NO
939.9865277199135,999.4580575383058,NO
940.9924418353506,999.4818329652061,NO
941.9970997091964,999.4930494522251,NO
942.998047024077,999.4980088749656,NO
944.0,999.5000000004902,NO
945.0,999.5000000004902,NO
946.0,999.5000000004902,NO
947.0,999.5000000004902,NO
948.0,999.5000000004902,NO
949.0009784605771,999.4990149203669,NO
950.0,999.4980392161519,NO
951.0156462286143,999.51686344336,NO
952.0255418824216,999.5657880004535,NO
953.0180160210117,999.6171595624259,NO
954.0227192196323,999.6781443857367,NO
955.0165722200227,999.7438838824592,NO
956.0120375791433,999.8081510838348,NO
957.0121488407402,999.9151245406197,NO
957.9930502718399,1000.0472581509189,NO
958.9828369577175,1000.1683298382076,NO
959.9851428350978,1000.2525718023943,NO
960.9971480574828,1000.2908981340441,NO
961.9952357773831,1000.3037191721687,NO
962.9897549432482,1000.3265611965919,NO
963.9828637117453,1000.3641461169261,NO
964.9806833848487,1000.4104780623973,NO
965.9947914355388,1000.442727991159,NO
966.9973418184967,1000.451890869876,NO
967.9936655422657,1000.4615104907153,NO
968.9962947035863,1000.4724253202564,NO
969.9962330286917,1000.480288869762,NO
970.9971341739583,1000.4871904425145,NO
971.99709954238,1000.4930778110067,NO
973.0134081673431,1000.5125173400439,NO
974.0281625768615,1000.5647601929102,NO
975.029019958435,1000.6390200138233,NO
976.0248541985882,1000.7244425808703,NO
977.0196576189165,1000.8271485272081,NO
978.0069064697459,1000.9542558483208,NO
978.9880998202088,1001.086701311584,NO
979.9828155240714,1001.1991837042218,NO
980.9778991754557,1001.281785512413,NO
981.9785596010653,1001.3527291313643,NO
982.9865693520568,1001.4029194653291,NO
983.9889568879221,1001.4332297801503,NO
984.9928715825391,1001.454436583712,NO
985.9944896913619,1001.4683762468944,NO
987.0,1001.4745098048089,NO
988.0036900883503,1001.470486292051,NO
989.0036286510132,1001.462653031108,NO
990.0013528082188,1001.4586020106187,NO
990.9821822914632,1001.4820412524945,NO
992.0292654332392,1001.5530370196199,NO
993.0275670045925,1001.6300217926895,NO
994.0302882956904,1001.7289994602538,NO
995.0218239847948,1001.8659008192968,NO
995.9977056109959,1002.0137663340247,NO
996.9831959225255,1002.1477599882626,NO
997.982270445238,1002.2443803371865,NO
998.979697681113,1002.3137630977203,NO
999.9794554095021,1002.3742050364247,NO
1000.9825543631008,1002.4236797812497,NO
1001.9873893497032,1002.4593879697165,NO
1002.9933985513627,1002.4809626850268,NO
1004.0,1002.4882352945741,NO
1005.0,1002.4882352945741,NO
1005.9980777364382,1002.4901772226407,NO
1007.0064234769858,1002.499462908256,NO
1008.0219825931208,1002.5347017546488,NO
1009.0294103621418,1002.600411194485,NO
1010.0279760562628,1002.6829380353452,NO
1011.0232817934054,1002.780116391039,NO
1012.013629493748,1002.8896660034654,NO
1013.001343400615,1002.9798489898714,NO
1013.9971880037036,1003.0448161906387,NO
1014.9886783992258,1003.120292007213,NO
1015.9853004882146,1003.2026148820312,NO
1016.9795084133821,1003.2750186534198,NO
1017.9769786506528,1003.3453202556802,NO
1018.9776474568903,1003.4071356014327,NO
1019.9830374390988,1003.4553108545329,NO
1020.9904812802814,1003.485454692986,NO
1021.99804712837,1003.4979822802711,NO
1023.0,1003.5000000004902,NO
1024.0024432041212,1003.5020749832383,NO
1025.0150308465204,1003.5218311785812,NO
1026.027889166482,1003.5758348992931,NO
1027.0303236961608,1003.6563314503645,NO
1028.0262109614182,1003.756952907519,NO
1029.0178149533674,1003.90230508785,NO
1029.990285739974,1004.0569456643576,NO
1030.9834598834334,1004.1874546506825,NO
1031.9832969724691,1004.2662044992874,NO
1032.9861484458152,1004.3211042082539,NO
1033.9835357291877,1004.365077303277,NO
1034.9815183750184,1004.4098099384661,NO
1035.9813429341455,1004.4531002006792,NO
1036.9895120577494,1004.486259150592,NO
1037.9990215804635,1004.4989939896874,NO
1039.0,1004.5000000004902,NO
1040.0,1004.5000000004902,NO
1041.0029230916186,1004.5030744090814,NO
1042.0149424129145,1004.5237105699355,NO
1043.0273733321305,1004.5769576110014,NO
1044.0339292812491,1004.6672320484239,NO
1045.030533971964,1004.7951009698113,NO
1046.0102678431467,1004.9282657561688,NO
1046.9953458460427,1005.0447852546552,NO
1047.9900258979314,1005.1338629443931,NO
1048.9872704196446,1005.2028776854016,NO
1049.9816601353575,1005.2672380333513,NO
1050.9798361119413,1005.3317284693032,NO
1051.9809980388106,1005.3876399966953,NO
1052.9821484947163,1005.4335365855263,NO
1053.985230580768,1005.4707752562199,NO
1054.994190964304,1005.4937680475006,NO
1056.0,1005.5000000004902,NO
1057.0058102331109,1005.493869827769,NO
1058.0066038073771,1005.4811345360633,NO
1059.0009284769835,1005.4735232862371,NO
1060.0009245813176,1005.4715364965605,NO
1061.0133681652715,1005.4545176344777,NO
1062.0117139242323,1005.4267215206016,NO
1062.9983697265727,1005.4157197361678,NO
1064.0,1005.4176470588235,NO
1065.0072069734886,1005.4083951450764,NO
1066.0053939630607,1005.3929887361213,NO
1066.99847747687,1005.3882434095242,NO
1068.0015221654846,1005.3881522099637,NO
1069.0143037747214,1005.3647462526783,NO
1070.0103734890354,1005.3306549757889,NO
1071.0,1005.3156862745099,NO
1072.0048226859972,1005.3074462124116,NO
1073.0094125087917,1005.2823752826987,NO
1074.0045485364883,1005.2577503888405,NO
1074.99851783537,1005.2519679950706,NO
1076.0034001406138,1005.247724529717,NO
1077.0082533189805,1005.2215364613623,NO
1078.0045144273447,1005.1918631560771,NO
1079.0033337924483,1005.1700234104288,NO
1080.0089330446388,1005.1198908582954,NO
1081.0035849981862,1005.0351605592258,NO
1081.9989586004167,1004.9687580104033,NO
1083.0008248245908,1004.9617581318307,NO
1083.998261019903,1004.9533221122335,NO
1084.993565191898,1004.903477874145,NO
1085.996947116595,1004.8584572210747,NO
1087.0,1004.8470588235294,NO
1087.9909370210273,1004.8222261884245,NO
1088.9849419887037,1004.7672852891287,NO
1089.9978642414283,1004.727690766239,NO
1091.002138243264,1004.7273739679724,NO
1091.9881252663847,1004.7116135931536,NO
1092.9767320748101,1004.6609530828548,NO
1093.9924062256205,1004.6127175167495,NO
1094.9976417397852,1004.5990957507817,NO
1095.9834571961098,1004.5781585039491,NO
1096.9847364101088,1004.5420922725408,NO
1098.0027852118944,1004.5265139629432,NO
1098.996702330991,1004.5227801657271,NO
1100.0144121630071,1004.4964741481228,NO
1101.0,1004.4752344721613,NO
1101.9943737252959,1004.4782333627614,NO
1102.9990484741184,1004.4852782249845,NO
1103.9990446111767,1004.487248325303,NO
1105.0009553814098,1004.4872445443835,NO
1106.0028427930513,1004.4832748340073,NO
1107.0028081957767,1004.4773932971482,NO
1108.0027736961933,1004.4715283678005,NO
1109.0,1004.4686274509804,NO
1110.0,1004.4686274509804,NO
1111.004544787401,1004.4635683105915,NO
1112.00444898527,1004.4537964933266,NO
1113.0017531365881,1004.4470498431118,NO
1113.9982468688697,1004.4470484513531,NO
1115.0017529893473,1004.4470122966871,NO
1116.0068542694853,1004.436959651401,NO
1117.0016762498858,1004.4274437334349,NO
1117.9983237686383,1004.4274390097745,NO
1119.0074118460564,1004.420004590032,NO
1120.0123886053016,1004.3948868092577,NO
1121.006551238275,1004.3712368180609,NO
1122.003503114847,1004.357317711078,NO
1123.030698191621,1004.2746680296425,NO
1124.0093733870794,1004.022953367947,NO
1124.9197641444118,1003.770619854532,NO
1126.0467795828017,1003.3687115261324,NO
1127.0325619874827,1003.0800548375186,NO
1127.9356106148155,1002.8353375722194,NO
1130.0475711409074,1002.1418714589415,NO
1130.9591305328345,1001.9022087234739,NO
1131.9252791549466,1001.5812157374371,NO
1133.0552603099084,1001.2658750854416,NO
1133.9996206254807,1000.9991374758823,NO
1134.9176302659466,1000.7263555837868,NO
1136.0538837975394,1000.3372726598037,NO
1137.0222507609103,1000.0518499267121,NO
1137.927291995577,999.7990318102894,NO
1139.0500016898502,999.3944577741685,NO
1140.0417196521694,999.1186146944787,NO
1140.9527241168273,998.8812163675046,NO
1141.9196331159076,998.5508909482355,NO
1143.970153784545,997.9319284687635,NO
1144.9192589568152,997.619250576208,NO
1146.0502067833693,997.3084995054227,NO
1147.013255078885,997.0306674340319,NO
1147.925478076522,996.7741895804241,NO
1149.0580178066837,996.3721269424638,NO
1150.0317001193296,996.0750557811114,NO
1150.9348539334471,995.8275545287437,NO
1153.0425179534775,995.1123369062122,NO
1153.945573714296,994.8699667627424,NO
1156.0522854801802,994.1822730000779,NO
1156.9715438264939,993.9360063950294,NO
1157.915931600719,993.6216921916855,NO
1159.0484353664774,993.304963411404,NO
1160.0127469989438,993.0287668748417,NO
1160.913720396258,992.7638403994141,NO
1163.0217666876435,992.0535631231769,NO
1163.9272833918606,991.8051516386847,NO
1165.0450400773564,991.4004914983301,NO
1166.0449566444743,991.1362199806368,NO
1166.9574871377506,990.8979070682216,NO
1167.9202090266867,990.5712925681053,NO
1169.0544118808932,990.2293393284525,NO
1169.987839666221,989.97282287796,NO
1170.9082894478236,989.6774902153227,NO
1172.0392245291903,989.3314472793666,NO
1173.0244732327753,989.0620396442405,NO
1173.935180624308,988.8202653834759,NO
1175.0530840291053,988.4330077492536,NO
1176.050219094524,988.1477544432921,NO
1176.9622787367357,987.9077924695554,NO
1177.9246669553945,987.5951883373951,NO
1179.9803865963872,986.9581891385118,NO
1180.737529391424,986.5826660468264,NO
1181.8697567948764,985.8462860828972,NO
1182.9222956113126,984.8986464502001,NO
1183.9779204484284,983.9694035402223,NO
1184.5746405503287,983.454691012389,NO
1185.7520679452841,982.7244734658505,NO
1186.8069698267511,981.796488549846,NO
1187.834384563626,980.8207054247698,NO
1188.8712815276658,979.8484755457172,NO
1189.928942185501,978.8999052760104,NO
1190.9974240252916,977.9963851197393,NO
1191.6532180079394,977.5954210304367,NO
1192.7506930042468,976.7332415204202,NO
1193.800333569408,975.7873922344108,NO
1194.8398411973235,974.8185511910885,NO
1195.9001827150041,973.8675440398366,NO
1196.966534070225,972.9514882286094,NO
1198.027659119359,972.0363161195564,NO
1198.7272998578753,971.6949939138697,NO
1199.7953262503925,970.7814071755657,NO
1200.8259418042626,969.8157629518936,NO
1201.8626831177853,968.838873302199,NO
1202.93243341825,967.898934977739,NO
1204.7111651565092,966.6511885401898,NO
1205.8066435685084,965.7903117948374,NO
1206.8382050596992,964.8323543386506,NO
1207.8632612679942,963.8474466396699,NO
1208.9197673120232,962.8896800469174,NO
1209.9862276826777,961.9801458272539,NO
1210.591147151874,961.4878758557522,NO
1211.7439028884464,960.7217447349497,NO
1212.7715188800867,959.7686673346485,NO
1213.797296549991,958.7891508131979,NO
1214.7868325703298,957.7874894802749,NO
1215.774741449735,956.7683258678657,NO
1216.7575931684025,955.7312261109652,NO
1217.6403844371753,954.6674522793182,NO
1218.0438313273069,954.035693866735,NO
1219.8569079876231,952.6989547782917,NO
1220.969591861978,951.9635783116823,NO
1221.5500503602987,951.5923157188018,NO
1222.5352328787912,950.5316850156561,NO
1223.006715549037,950.0063429555206,NO
1223.99991000913,948.9999102647903,NO
1225.0137406518777,948.0150016605854,NO
1226.0525957484049,947.064868092852,NO
1226.739009564242,946.6436594232207,NO
1227.8423312357502,945.8054231474441,NO
1229.7002748592079,944.6087091353509,NO
1230.6727816398088,943.6581026996741,NO
1231.77037743145,942.6627584983071,NO
1232.9023584659542,941.8614852588436,NO
1233.9645002947734,940.9571463066111,NO
1234.6058522393128,940.573074860396,NO
1235.7314436370207,939.7005104265578,NO
1236.7414665240171,938.7465110809095,NO
1237.5679763984567,937.6412800207735,NO
1237.9542630522908,936.9669165002305,NO
1238.8149051998905,935.8873657450109,NO
1239.705664801816,934.7718365210394,NO
1240.4960837146405,933.5840400033657,NO
1240.9455423163465,932.9630031240964,NO
1241.8223623086644,931.8821744887423,NO
1242.7223979674282,930.7731737678988,NO
1243.3937786685897,929.577607301947,NO
1243.915587607583,928.9513042962703,NO
1244.7963672021203,927.8467505696236,NO
1245.6971875668137,926.744759322561,NO
1246.8578498662512,924.9139274458577,NO
1247.7422727626285,923.7959961982359,NO
1248.723971975552,922.4674653200482,NO
1249.7887112142992,920.8436627903067,NO
1250.6662025083858,919.7249261504796,NO
1251.8308653581703,917.8951087622082,NO
1252.724002025042,916.7712229151805,NO
1253.0276932261481,916.0173162244973,NO
1253.3886337710715,915.0044263528669,NO
1253.0976171328136,913.9633935744181,NO
1252.8919882672603,913.028424140545,NO
1253.9313722232755,910.7743601941863,NO
1255.0178220699875,910.0168655179813,NO
1255.5797060694497,909.265457423753,NO
1255.8031904234679,908.9316207266087,NO
1256.805319744747,906.9126202548935,NO
1257.0730652038467,906.0294630498131,NO
1257.7847672634657,903.9731223629017,NO
1258.7703730147705,901.874204341794,NO
1259.8855474926052,900.7761443688007,NO
1260.7717079158042,899.8939163238887,NO
1261.9522555834847,897.9576440599907,NO
1262.8798954394586,895.9870475471631,NO
1262.9325288519874,894.9951397899976,NO
1264.0293696829904,893.030785090194,NO
1265.0321503531509,892.031827774952,NO
1265.8350213868473,890.9524175160097,NO
1266.820136455077,888.9168697875813,NO
1269.003126276308,886.8778251179247,NO
1269.988367353621,886.8948264835229,NO
1270.5720464038404,886.5858792752471,NO
1270.9150707236288,885.9849334505836,NO
1270.9792369709821,884.9995521699715,NO
1270.9848148115102,883.9996281178322,NO
1271.8979781196185,881.9469591020649,NO
1272.9053548303473,880.8660265487456,NO
1273.9473619376313,879.9574551575645,NO
1274.8887961656333,878.907307454,NO
1275.476047360435,877.7648505722514,NO
1275.798228624193,876.9628107660757,NO
1276.659612110513,874.7732660643244,NO
1276.9651752174448,873.9922428210709,NO
1277.0441318851915,873.0019106730235,NO
1277.0653502452847,871.9987797671406,NO
1277.070555253355,870.9999299351999,NO
1276.9906818074655,870.0016261160013,NO
1277.7212068591646,867.7611672071628,NO
1277.5618100970119,866.8081141521471,NO
1277.5970762646687,866.5514878048579,NO
1278.934388919047,863.8484054511677,NO
1280.8684336857098,862.896538635021,NO
1281.8116413176213,860.8998461863339,NO
1282.807788769493,859.7643082976429,NO
1284.772250778639,858.5737590081945,NO
1285.12178092978,858.0824203891939,NO
1285.564926663421,856.9550835239376,NO
1285.936862218934,855.9615951898119,NO
1286.8144321299058,853.9883565257111,NO
1286.9518547317805,852.9905792446747,NO
1287.6566745317164,851.314385251862,NO
1287.8490413724087,850.9324403591131,NO
1288.0956732997201,850.0330199897069,NO
1288.7680971185277,847.9370877328615,NO
1288.973882632608,846.9933426317862,NO
1289.6551815079292,845.356495813953,NO
1290.1454780934928,844.0700103556359,NO
1290.9563924844617,842.9673450708168,NO
1291.9916694130995,841.985966395528,NO
1292.748365548998,841.5922539330389,NO
1293.7674298353215,839.9212448645784,NO
1294.7758925845928,837.9064357752012,NO
1295.6907399875279,835.8629415833196,NO
1296.0012142383518,835.0005919260162,NO
1296.2872962292533,834.0591659577419,NO
1296.5129050247324,832.9579918088527,NO
1296.7096881431569,831.9418218526197,NO
1296.9886901966727,830.9949021482406,NO
1297.5971904461114,828.9897323054568,NO
1297.7063088229775,827.9602653109803,NO
1298.5201462182083,825.7893472180751,NO
1298.8306043890925,824.9463231978425,NO
1298.8923695971198,824.0135074009426,NO
1298.7403688985055,823.0927843881395,NO
1298.5733003151572,819.6226465533816,NO
1299.4041793545455,818.539501361318,NO
1299.9667967512091,817.975793267468,NO
1300.891856068083,816.9193697192878,NO
1301.5205168873524,814.9697533939842,NO
1301.57382420564,813.9919107491882,NO
1301.5901960784313,813.0,NO
1301.6243537542264,811.9779031619308,NO
1301.6809210358379,810.9812306490969,NO
1301.707843137255,810.0,NO
1301.3902388269369,808.8472573545241,NO
1301.2605975615882,807.9782127981089,NO
1301.2835426987558,807.0685394100299,NO
1301.428977904492,805.9899064019276,NO
1301.3285754243293,804.952324349982,NO
1301.2646900340674,803.9942909993813,NO
1301.3018158728103,803.03491595394,NO
1301.3754948847447,802.0058901162204,NO
1301.3950816979025,801.0092960402451,NO
1301.3724414998915,799.9457912373647,NO
1301.014622111283,798.9898265117325,NO
1300.6841903746367,798.3447387351838,NO
1299.9325130736834,794.7970484054181,NO
1300.9895270847408,793.9919503390861,NO
1301.3467792845809,793.099906378589,NO
1301.708747328435,791.9443541615738,NO
1302.9869370683605,789.98869002914,NO
1303.7126568476608,788.8796709371372,NO
1303.709940376382,788.072938968978,NO
1303.5534832547567,787.689594699418,NO
1302.8976737153923,786.002250106835,NO
1302.9362264902693,784.9986244929553,NO
1303.8934421798522,782.8224036454316,NO
1304.9935004330034,781.9925553923005,NO
1306.8652436999837,780.737372753418,NO
1307.2051912027732,780.1904660869922,NO
1307.7943257453362,778.9983868686847,NO
1307.869038777987,777.9846761205537,NO
1308.6726180266453,775.9056819457577,NO
1308.8523727458303,774.984079413484,NO
1308.9072638101634,773.999272657377,NO
1308.8410326766696,773.0263630020323,NO
1308.963405237687,771.986160391137,NO
1309.586855304282,769.9748872823186,NO
1309.6485399351334,768.9786367404041,NO
1309.7660692288075,767.9575105346393,NO
1310.8335868062545,765.924047310594,NO
1311.5036510094187,764.6574492907218,NO
1311.8882829482166,763.9721678261404,NO
1311.9904832855727,763.000130621571,NO
1312.5525273442079,760.7043201970478,NO
1313.0608738288665,760.0451042855938,NO
1314.9758786799011,758.8452855492187,NO
1316.0771118355535,758.0717090919649,NO
1316.070566130895,756.9565618865813,NO
1315.9420877927075,756.0252218072521,NO
1315.8279665291589,754.9638900036787,NO
1315.9380132726192,753.9946521256409,NO
1316.7833146548735,751.7187178814668,NO
1317.7040370910768,749.9825904170572,NO
1318.0953851187205,748.0539633549633,NO
1318.7081330909007,746.937713319526,NO
1318.6999795482698,746.0989078441265,NO
1318.561355983812,745.7651698051844,NO
1318.9770605430638,742.9775863756247,NO
1319.78102486694,741.9135225246973,NO
1320.545225136528,740.5469477736591,NO
1321.8937278751594,739.7633527860398,NO
1323.961642996605,738.9005146898461,NO
1324.783479115719,738.5062812775125,NO
1325.883540353218,737.8801499686754,NO
1326.93656130755,735.9671406348808,NO
1327.8560506331676,734.8835568816069,NO
1328.6201681144264,733.7604616934887,NO
1328.9776664031256,732.988751691862,NO
1329.8784104963306,730.9346489000762,NO
1330.8261356228265,729.8306192215407,NO
1332.7413706823559,728.5049505398533,NO
1332.9053349618603,727.955097757917,NO
1333.0054772279059,726.9987971578515,NO
1333.0457349922153,726.0102231161042,NO
1333.8910166566516,723.9220420695938,NO
1334.9061082338355,722.9132814154455,NO
1335.8594124874364,720.9391133120018,NO
1336.1123924600229,720.0516527054709,NO
1336.4731690730246,719.0567802900412,NO
1336.5729346480528,717.9995619842606,NO
1336.7368325016791,716.943475513663,NO
1336.9179181130253,715.9830342557532,NO
1337.7956183474414,713.8866676141843,NO
1338.0825232275174,713.0514966951356,NO
1338.7584276126117,711.9361067715496,NO
1339.6442808630522,709.8227935263614,NO
1339.9585388690023,708.9837977541911,NO
1340.1892186153013,708.0352466041925,NO
1340.344043376555,707.02698379429,NO
1340.7093221448895,705.900410159276,NO
1341.007361241223,705.0037486401613,NO
1341.2996036423008,704.0571808129171,NO
1341.6289481048436,702.9188323936896,NO
1342.9356524167715,700.9533769000371,NO
1343.5794254566815,698.963391286652,NO
1343.629411764706,698.0,NO
1343.5755567531335,697.0294081677183,NO
1343.3426360174703,695.9270753289411,NO
1343.2158020963102,694.9813289935138,NO
1343.1766110114168,694.0006925921813,NO
1343.2239371164649,693.0223937129879,NO
1343.3195750586733,692.0350905939358,NO
1343.498856341109,690.9260785940885,NO
1343.798195808748,689.9339892803966,NO
1344.0018402036683,689.000450886547,NO
1344.1570670117428,688.0120820776458,NO
1344.2397653399055,687.0216610421297,NO
1344.246991361864,685.979737986842,NO
1344.65191666755,683.8325342140946,NO
1344.9865781234585,682.9928626137862,NO
1345.2854245373223,682.0882335528854,NO
1345.604432975403,680.962191436246,NO
1345.6085750646728,680.0311039411122,NO
1345.4014208022224,678.9336783060901,NO
1345.1978768973347,677.9610635780849,NO
1345.008589701921,676.9979452085332,NO
1344.8321367888238,676.0260023400981,NO
1344.707621292552,675.0206384968164,NO
1344.6566133024655,674.0060597655366,NO
1344.6291926774177,673.0145414637391,NO
1344.610902525678,671.9977111914,NO
1344.6281417365556,670.9897921259819,NO
1344.6411764705883,670.0,NO
1344.6411764705883,669.0,NO
1344.6172604757185,668.0202626804789,NO
1344.5660997098666,667.022971191583,NO
1344.535294117647,666.0,NO
1344.535294117647,665.0,NO
1344.5590017311592,663.9827059501126,NO
1344.6649997169256,662.9546764318751,NO
1344.79070780499,661.9700424885601,NO
1344.859086844864,660.998065897865,NO
1344.8170839331547,660.0190089247657,NO
1344.6827157887612,659.0692019086043,NO
1343.9955843056403,657.0016411513413,NO
1343.7174935809564,656.1106318846969,NO
1342.8484533480728,654.1138154734692,NO
1342.0788685352118,653.7825786371302,NO
1340.980074216191,653.6190190148216,NO
1340.001989561112,653.6617746002548,NO
1339.0208356063083,653.6245802363635,NO
1336.671123901644,650.9806543470834,NO
1339.000472072817,648.9484391574158,NO
1339.9749395501458,648.8740902285791,NO
1340.5341256983882,648.5698176631895,NO
1340.87541577868,647.9817959125581,NO
1340.9156387377298,647.0006616569204,NO
1340.9196832090183,645.9987401286874,NO
1340.9274509803922,645.0,NO
1340.9098356023326,644.0031822726572,NO
1340.8752947709247,643.0044013607472,NO
1340.857782509376,641.9997211421897,NO
1340.745195553476,641.0410202230506,NO
1339.8044394196304,639.0267159243674,NO
1339.7970864948652,638.0003978695971,NO
1339.817967454251,636.992504542729,NO
1339.8579848334273,635.9932507642078,NO
1340.0413980900519,635.0149409859663,NO
1340.693791840233,632.9873914295482,NO
1340.7670910373595,631.9767091023408,NO
1340.8117647058823,631.0,NO
1340.6237447253982,630.1833038514093,NO
1339.7113438970455,628.0,NO
1339.7207188727884,626.998357169892,NO
1339.7512339880009,625.9878055872832,NO
1339.8260453620808,624.9829456236057,NO
1339.885816525764,623.9964177734959,NO
1339.8920638325121,623.0021163954962,NO
1339.8813854161601,622.0002325776032,NO
1339.8803921568629,621.0,NO
1339.8803921568629,620.0,NO
1339.8803921568629,619.0,NO
1339.8803921568629,618.0,NO
1339.8803921568629,617.0,NO
1339.8924445643938,615.9970300273721,NO
1340.8494704612401,613.9280975756703,NO
1341.0271775417807,613.0001065785921,NO
1341.009648222908,611.9996003694673,NO
1342.0171329021055,610.0215897721652,NO
1342.5114284420044,609.406162452509,NO
1343.39884608783,608.5669563943028,NO
1343.8392061135646,607.9505961281354,NO
1344.0779601344643,607.0237547237897,NO
1344.7881033371327,604.9642684052792,NO
1344.901044915791,603.9856571882035,NO
1346.0006576402034,602.0005798348935,NO
1346.7701531888977,600.9182172969378,NO
1347.9996238453386,598.999602415235,NO
1348.4853482019269,598.1800485200515,NO
1348.7415101129995,597.0146984441351,NO
1348.6696942981514,596.0382118361254,NO
1348.5980392156862,595.0,NO
1348.6657672861288,593.9619892199204,NO
1348.7117647058824,593.0,NO
1348.8117647151253,591.9701805475248,NO
1348.9563855329486,590.9951104857404,NO
1348.7821102991802,590.2227406761522,NO
1347.980687600472,587.9865872106035,NO
1348.208800826204,586.9918201738958,NO
1350.021477954146,584.71620463097,NO
1350.9228105088796,584.646151144345,NO
1352.8983434744664,583.863722554911,NO
1353.7914926503827,582.8693426557002,NO
1354.7049196110177,580.8451558333212,NO
1355.4507572071627,579.5534374990367,NO
1356.7024645528616,578.5736613045772,NO
1357.4988767888558,577.6775249385998,NO
1357.9286352500997,576.9626333873463,NO
1358.9208483766652,575.8741692160033,NO
1360.742021171994,574.7704295553302,NO
1361.3829818271004,573.5619483054046,NO
1361.9223107710986,572.9554070790398,NO
1362.8427221379002,570.9186258039858,NO
1363.6999280354544,569.7460234283042,NO
1364.0027437133485,569.0014059208323,NO
1364.2877076336513,568.0353640624031,NO
1364.3824762775726,567.0102144997577,NO
1364.4127192001354,566.0153758130247,NO
1364.4724417800044,565.0294682004376,NO
1364.6946551924275,563.9334348328806,NO
1364.9214719733193,562.9765034245298,NO
1365.1168715372498,562.0215410284065,NO
1365.24822033894,561.0102208368107,NO
1365.267891321107,559.9973736144744,NO
1365.3034598305896,559.0279659070604,NO
1365.3957094825391,558.0473299581347,NO
1365.4861422639453,557.0119503999151,NO
1365.5506171532274,555.9673336624743,NO
1365.6877731854586,554.9479621975764,NO
1365.7989053976878,553.9794962366801,NO
1365.8683885597432,552.9945807057591,NO
1366.0180631129047,552.004533487204,NO
1366.6918122028305,549.9152562901412,NO
1366.9717077434798,548.9884322300837,NO
1367.2198283053715,548.055603631494,NO
1367.4246645124872,547.0183188614595,NO
1367.4268497020878,545.9815868754589,NO
1367.3328543996142,544.9575773812256,NO
1367.2823529411764,544.0,NO
1367.1978921878128,542.9751664705432,NO
1366.9711789886187,542.0115849166118,NO
1366.7293280110916,541.0286593864644,NO
1366.9239343234813,539.9689771370033,NO
1367.1541408906205,539.0565183294966,NO
1367.4630329353317,538.0417527166721,NO
1367.607965657977,536.9633685603178,NO
1367.7265071579018,535.966922694444,NO
1367.9255341821909,534.9791203700426,NO
1368.0992677439847,534.0130410569546,NO
1368.178431372549,533.0,NO
1368.226217465644,532.0239524370403,NO
1368.3269338883272,531.035248066059,NO
1368.4595923303389,530.0577473210984,NO
1368.6547805110554,528.9506829316355,NO
1368.7124218511315,528.0016916361162,NO
1368.6768906003053,527.0240748188116,NO
1368.611025294866,526.0228808650933,NO
1368.5526494153726,525.0263147403704,NO
1368.555722929915,523.9764794494843,NO
1368.8509570855788,522.9430130010717,NO
1369.0888784336448,522.0345057428545,NO
1369.3627595337994,521.0270291426268,NO
1369.529652825218,519.9223601599608,NO
1369.6392204805018,518.9681554951425,NO
1369.6582519497063,518.0242398726834,NO
1369.6208320174405,517.0022303998268,NO
1369.5940742250598,516.0214901878535,NO
1369.5428157064023,515.0242038741061,NO
1369.534053528484,513.9817275892161,NO
1369.3594610190805,512.9168673211232,NO
1369.0184454436057,511.9887714148563,NO
1368.6996256618493,511.11119953198425,NO
1368.402807452271,509.99358075813035,NO
1368.3524559680807,508.97995838670124,NO
1368.1364194740113,507.9593416461295,NO
1367.9457147096964,507.0130923342895,NO
1367.8630405237027,505.9835103516223,NO
1367.8369880773764,505.02700197500377,NO
1367.6567896616757,504.1489996759435,NO
1366.750733464421,502.1634009320706,NO
1365.7542949100805,501.47403707563535,NO
1364.0411775576808,498.0344945572157,NO
1364.6746145166483,496.9265258561928,NO
1364.9158683539738,495.97525539822755,NO
1365.7492728595555,493.81342144644526,NO
1366.8264801702978,492.7771269044025,NO
1367.770599492631,491.79824852990055,NO
1368.6779289605483,490.7833340254812,NO
1369.4638789656237,489.65361009361317,NO
1369.8583138740164,488.9489669069514,NO
1370.8252967539213,486.92440113878666,NO
1371.8608907327587,484.9356041493162,NO
1372.5525270871624,483.24790805240457,NO
1372.7466844179314,482.94393128719764,NO
1372.9157048327997,481.990819338013,NO
1373.7971872078142,479.90093977153225,NO
1374.7842132977996,477.9570471981168,NO
1374.8972735982863,476.99813976333115,NO
1375.83997761113,474.91171178507545,NO
1376.9368316374992,473.84465109775755,NO
1377.4793385830292,473.3986894646134,NO
1378.0163938953638,473.0138609330285,NO
1378.9887036411078,471.9887036411078,NO
1379.7802834677757,470.9187279593011,NO
1380.1660804173423,469.10044384695084,NO
1380.8778777669306,467.97838164387605,NO
1382.0333327247447,466.0451255326777,NO
1382.6717942836885,465.55446470505984,NO
1383.537305193731,464.6897038097105,NO
1385.9697395587302,462.82175356829765,NO
1387.0874285038099,462.0901083042341,NO
1387.486370632245,461.56378116104156,NO
1388.0648994702367,461.0580679473272,NO
1388.8483065775333,459.94206683192857,NO
1389.4982226297172,458.6093239978543,NO
1390.0211945964968,458.01716031467197,NO
1390.5835466132216,456.8890190135884,NO
1390.059551983727,455.95066699703824,NO
1389.982576225229,453.99117266504743,NO
1390.9500719572357,451.9652491162011,NO
1392.9753776353248,450.9026557698599,NO
1393.9866956154017,450.7182941141749,NO
1394.9112647767524,450.57582613055877,NO
1396.0630975985061,450.2383980428651,NO
1396.911047051729,449.9036579892329,NO
1397.8944672369482,447.9527151220072,NO
1398.1335661532653,447.03925316906555,NO
1398.3504113001443,446.0151157816876,NO
1398.657101853562,444.89683367039873,NO
1399.641965691126,442.841956451943,NO
1400.834101096698,440.9102771656695,NO
1401.0869275217335,440.0265022943344,NO
1401.8406717360576,437.93243147048736,NO
1402.0898341177829,437.0375141456312,NO
1402.871858319637,434.95421684538815,NO
1403.5866920384833,432.8833331983503,NO
1403.7945835283099,431.96088280430087,NO
1403.9063726600973,430.9935745944575,NO
1404.0052840197798,430.0006630926784,NO
1404.8028998750312,427.8966938803251,NO
1405.6174101427016,425.89039317447856,NO
1406.5572167960781,423.7959664724625,NO
1406.9437973308923,422.97933725332217,NO
1407.6957572181454,421.29225574862187,NO
1407.854516998364,420.92562821831973,NO
1408.8266437729176,418.9154771248643,NO
1409.7280340515306,417.7523017676097,NO
1409.8363795330592,416.99732396420325,NO
1409.7391135888047,416.1057014565059,NO
1409.4502640765338,415.0358216135632,NO
1409.5148778176422,414.0198834933791,NO
1409.535294117647,413.0,NO
1409.535294117647,412.0,NO
1409.5700166283127,410.9747068603946,NO
1409.6269416129915,409.9780553889176,NO
1409.659491776117,408.9953263576977,NO
1409.6353601664296,408.02573928214537,NO
1409.5819248630532,407.01393583696324,NO
1409.6836974080077,405.94666269929286,NO
1409.8558982816996,404.97004944785107,NO
1410.0111926027535,404.00168986350076,NO
1410.1392640768008,403.01611094223045,NO
1410.2289642453716,402.0125705861812,NO
1410.2259536373424,400.9875947021049,NO
1410.0339662805736,399.98967691456164,NO
1409.8261465585074,399.0432929165869,NO
1409.6529411764707,398.0,NO
1409.6140349388722,397.02963042008474,NO
1409.4656105007064,395.94246350191634,NO
1409.3339667755045,394.9646543575855,NO
1409.230494463193,393.9751427535291,NO
1409.1582038552526,392.9910040947622,NO
1409.1929950669564,392.0270269242468,NO
1409.3153989678124,391.04362234322036,NO
1409.4056703536503,389.99919509852714,NO
1409.4080641139726,389.00521615855513,NO
1409.4247485631197,388.00999408415464,NO
1409.4753214968493,387.02496638140195,NO
1409.726873355099,385.9297201889062,NO
1409.959797375757,384.98736715960064,NO
1410.7238057712802,383.3456198900221,NO
1410.8669195990028,382.935054444387,NO
1411.090504619068,382.0324518541413,NO
1411.1072382539226,380.9652488377669,NO
1410.8766995539288,380.0807735227753,NO
1409.9544058156803,379.0525561687851,NO
1409.6408867377663,376.63261542031745,NO
1409.9224160493718,375.9710228620514,NO
1410.632478035908,374.31970329468317,NO
1410.8275972120323,373.94978175858154,NO
1411.9750367524648,371.9756350739632,NO
1412.795779942443,370.90757924475673,NO
1413.9900662797486,368.9905399771433,NO
1414.7369231141856,367.90849499732127,NO
1414.906951339621,366.99525634262454,NO
1414.9303188891597,366.00040988887434,NO
1414.9297486478474,364.999168623094,NO
1414.9388836275134,363.9991511614743,NO
1414.960655192083,362.99906876191244,NO
1414.9333277449437,362.00535992615823,NO
1414.720223342656,361.17620893685773,NO
1413.9335429401704,360.02809739327785,NO
1413.143367854903,357.9460409829591,NO
1412.9033947380103,357.03471751813083,NO
1412.5957660854972,356.39353584422975,NO
1416.1756863227247,352.60947986670243,NO
1416.8654437399387,352.6316953602942,NO
1417.174215148439,352.1399251870695,NO
1417.9034883649392,350.96310511002577,NO
1420.002456342428,350.7701565255469,NO
1420.998709071484,350.9572702679354,NO
1421.942064153521,350.82477072780324,NO
1422.373430564441,350.05063465489945,NO
1422.9061449010055,347.95072607160625,NO
1423.0,347.0,NO
1422.8427730369003,346.15722696309956,NO
1420.9765801612402,343.9884917710644,NO
1421.9092978996787,341.95859463820483,NO
1422.1648530892787,341.0650735906532,NO
1422.4784572810458,340.0599994668165,NO
1422.6974814557634,338.94780072235284,NO
1423.8611822277321,336.900071487984,NO
1424.8399981455589,335.836747022053,NO
1425.6182644189994,334.7653264820545,NO
1425.9599444984199,333.98500940941744,NO
1426.756110474256,331.9071144114862,NO
1427.8090316400244,329.9051804474829,NO
1428.0773216533316,329.03597964997124,NO
1428.4182871086837,328.0643146635088,NO
1428.6500535783807,326.9562566972976,NO
1429.7118078940844,324.8502765312429,NO
1430.7641426939974,322.8899689483742,NO
1431.0253854573675,322.0093926191131,NO
1431.2640108694945,321.03986046337735,NO
1431.8750820066182,318.927405112702,NO
1432.6699832374845,317.7842549583953,NO
1432.9616452336102,316.9898005022588,NO
1433.1578178030557,316.0354856594308,NO
1433.3784494381753,315.08702739951974,NO
1433.7648222959344,313.94085067536173,NO
1433.9061838563873,312.98877885331166,NO
1433.9420412602046,312.0029547593956,NO
1433.9335822035114,310.99817676634956,NO
1434.077930682284,310.0229665835692,NO
1434.290374686611,309.06150502325215,NO
1434.5352633754076,307.9526973193314,NO
1434.7658173473328,306.9366945293471,NO
1434.8922651325536,305.9903998637038,NO
1434.8510441993312,305.0280387398263,NO
1434.7033899526302,304.0505981826524,NO
1434.6451222643063,302.9659039018151,NO
1434.7529281997392,301.9685104574117,NO
1434.827480657758,300.99289626284747,NO
1434.8882345471413,299.99145322958424,NO
1434.9675542488626,298.99726437779105,NO
1435.070446293738,298.00925470945555,NO
1435.1840012885352,297.0216472096851,NO
1435.1787032571062,295.97687369759234,NO
1435.0938238606966,294.9928252337696,NO
1435.1344886931693,294.0232058918995,NO
1435.26398239263,293.02898630132285,NO
1435.3444621467554,292.0087804076901,NO
1435.379867742802,291.0178761294897,NO
1435.5518764293272,289.91410964895437,NO
1435.6609234085017,288.9784713286088,NO
1435.644004032606,288.04537203422115,NO
1435.5715901892852,286.9974799423697,NO
1435.5659607447844,286.00765951663,NO
1435.5425740465253,285.0143506175933,NO
1435.5313932839047,283.99448697995956,NO
1435.520483468536,283.01464533265624,NO
1435.4403184062928,281.9600500076342,NO
1435.336894924508,280.96168645870387,NO
1435.2735266658972,279.99034611828597,NO
1435.2365098792868,278.9911888478142,NO
1435.173941997033,277.98601642828606,NO
1435.0724530578975,276.9911919811733,NO
1434.9372444982114,276.0104592502981,NO
1435.705596772002,273.4949533304295,NO
1435.7779548506624,272.12259255563913,NO
1435.5740700303577,271.7268841251468,NO
1435.0408516815469,269.99190976543343,NO
1434.8535709798987,269.0397779620467,NO
1434.6411041405856,268.0569675998267,NO
1434.7220560965238,266.92857616943985,NO
1434.8937096444602,265.97363830463877,NO
1434.9175723029562,265.0163881838907,NO
1434.829209928653,263.99832558752024,NO
1434.8876384710481,262.98656067975145,NO
1434.8434133441638,262.0365368862021,NO
1434.6661343677736,261.0670386263474,NO
1434.483487211856,259.98198486701597,NO
1434.4552624003722,258.9977484548502,NO
1434.5155380559843,257.9537897849507,NO
1434.6903569708707,256.9426817741013,NO
1434.8814713114261,255.97203518605747,NO
1435.023324372367,255.002378171294,NO
1435.0302835601492,253.9972685416336,NO
1434.9012399114567,253.01998599956693,NO
1434.697181049757,252.0996329897273,NO
1433.8902962814464,250.03918769655436,NO
1433.6160637046085,249.06798066934397,NO
1433.3462786029493,247.9354971241121,NO
1433.2934162172883,247.00323729020147,NO
1433.3956651503693,246.1044352157075,NO
1433.6704183502475,244.9685488694088,NO
1433.8257113907232,243.96821796162783,NO
1434.0194871734577,243.005196579749,NO
1434.2198061675451,242.04396123284099,NO
1434.3888422476916,241.0388842270984,NO
1434.4676498617405,240.0119204867094,NO
1434.485179126551,239.0028539947717,NO
1434.556225650374,237.96013478300748,NO
1434.8154403619626,236.94222323556946,NO
1435.0548905706517,236.02109520032687,NO
1435.3206750853487,235.0597335932813,NO
1435.477799518369,234.01405292653948,NO
1435.49702545208,233.00097455965914,NO
1435.4990129362468,232.0009784566867,NO
1435.5000000004902,231.0,NO
1435.4970717323167,230.0,NO
1435.4941520472653,229.0,NO
1435.4461471887196,227.97025685541792,NO
1435.7189678989196,226.34816587262506,NO
1437.0759136426775,225.0571842961732,NO
1437.408398426484,223.95961809641088,NO
1437.3950866273194,223.0126919017871,NO
1437.6972805457829,221.9108474551243,NO
1438.6445431323466,219.8352542466199,NO
1438.9464440363754,218.98269561985606,NO
1439.150387369926,218.02919284344478,NO
1439.296106047471,217.01683740221839,NO
1439.3004331232673,215.98291654838062,NO
1439.280650756683,215.00330177351884,NO
1439.328043979049,214.03029601770672,NO
1439.3886820589855,213.0003962100409,NO
1442.0,211.29591837310633,NO
1442.83163507867,210.9350403103477,NO
1442.9674616079076,209.9982506240471,NO
1442.8943067931734,209.02378097089024,NO
1442.0753017536983,208.4923576049197,NO
1439.4041216901203,207.03486539967332,NO
1439.4548530392676,205.99821626264344,NO
1439.4462521247385,204.99474997514488,NO
1439.3556990159316,203.95675815873238,NO
1439.1600588163017,202.96139758086784,NO
1438.9513578431133,202.01382963295856,NO
1438.736695007209,201.05730755555388,NO
1438.4402112893576,199.93001769307423,NO
1438.1637109375051,198.9486682805387,NO
1437.9051486273222,198.0517848575449,NO
1437.6110592800117,197.59262716125022,NO
1436.9963698126585,195.99976371560223,NO
1437.1403632745973,195.0448612027264,NO
1437.3731165983986,194.05487008866095,NO
1437.433784847035,192.96852933305112,NO
1437.1834204081867,191.93957915748942,NO
1437.0190402226278,190.99697596457048,NO
1437.0011241110042,190.00016751457463,NO
1436.9961223183689,189.00050942093546,NO
1436.8359940650291,188.0520884143617,NO
1436.5875289534736,187.0588069367384,NO
1436.4554607940634,185.9857110344643,NO
1436.430259563706,184.99156353774652,NO
1436.3626476905408,183.97084597121986,NO
1436.0604103368687,182.97237875540503,NO
1435.8074557007537,182.0777878941229,NO
1435.1513721683925,179.962898978153,NO
1434.9614339370155,179.0083937899299,NO
1434.7704023069823,178.05671337236313,NO
1434.5283656432805,177.07960073660445,NO
1434.2945153555477,175.958421363499,NO
1434.1151232595594,174.97516949214156,NO
1433.8837567250314,174.05372799225884,NO
1433.065802519242,172.95850485850812,NO
1432.6030237890031,170.97935256258708,NO
1432.6037044075033,170.01682202447103,NO
1432.5326210182388,169.0503620835035,NO
1432.388062757927,167.9627155367459,NO
1432.104779838672,166.95735092203842,NO
1431.855938558384,166.06665529148142,NO
1431.392851903696,164.008473276182,NO
1431.4076793868476,163.00319748520093,NO
1431.3704815786384,161.97748053070288,NO
1431.1251938139271,160.95479817661942,NO
1430.876984392851,160.0607634853311,NO
1430.4790255895036,157.86128656914622,NO
1430.512675871499,156.98740764575578,NO
1430.382907713389,156.25912533437273,NO
1430.0661182047506,154.9901948952184,NO
1429.981647883252,154.00071969085823,NO
1429.9396266050283,153.0048708896855,NO
1429.7703557013238,152.08690799265878,NO
1429.129469917655,149.98197575562222,NO
1428.9461949717656,149.01519200785444,NO
1428.7053953366103,148.09482983154663,NO
1427.9560101697339,146.0156590298946,NO
1427.6332804941965,145.18538582880495,NO
1426.984314385161,143.00443432971818,NO
1426.746708330402,142.13030980492,NO
1426.185107087341,139.9996370449457,NO
1425.9859742697274,139.00572063966007,NO
1425.7110625078503,138.2117283003267,NO
1424.8509188327432,137.11088520816557,NO
1423.9180072746765,136.0677426537067,NO
1422.7109419508424,134.10565569933496,NO
1422.3378537910085,132.98773468084616,NO
1422.5337377481862,131.88487351771727,NO
1422.6215673633644,131.03025707273375,NO
1422.2903325958223,129.91319952864575,NO
1422.1499308470716,128.97560933526577,NO
1421.8280478244983,128.198080429131,NO
1421.0292899666679,127.8582743539984,NO
1420.0232085475054,127.76128351137348,NO
1417.7872328743533,125.97329981167728,NO
1417.7941342128263,125.01130243551881,NO
1417.7133654422,124.0415901124944,NO
1417.4469772006673,122.9090813118039,NO
1417.1547405858091,121.95027855201857,NO
1416.9032292350037,121.0469063509037,NO
1415.9822622765175,119.00372778931197,NO
1415.6516748758038,118.22187045580301,NO
1414.7537395853353,116.09360124610535,NO
1413.73840538503,114.12952743628769,NO
1412.8170994868867,112.13948022740648,NO
1411.8744127879147,110.00190476056244,NO
1411.2714717265542,108.71713060232608,NO
1410.901987963395,108.2540445867437,NO
1409.053216791107,106.96971793034793,NO
1408.2584208258895,105.72066650284165,NO
1407.0068349568671,104.98642121899387,NO
1404.9965449602876,104.17620702073316,NO
1402.7938384915926,102.01253138624568,NO
1402.1238356111594,100.85440948156027,NO
1400.9750923552433,100.04051581439002,NO
1399.7776530304666,98.01939334567386,NO
1399.7356048931476,97.00881316963711,NO
1399.707390462888,96.0063111859663,NO
1398.9105017908278,94.09566164035431,NO
1397.6126646343255,92.03275970585878,NO
1397.0592087366122,90.94374006077325,NO
1396.7119427957093,90.68280226529438,NO
1395.9566148106858,90.34358271741323,NO
1394.9777131287167,90.0425390601778,NO
1393.009759812055,88.99029802342466,NO
1392.517495761966,88.21360863803663,NO
1391.9465973146,87.02579012949697,NO
1391.123482245503,84.96352659708391,NO
1391.9118447223661,82.9547197666303,NO
1392.7871190493443,80.93150358359286,NO
1393.0050137848525,80.0013310933907,NO
1393.2047773720453,79.03896206410859,NO
1393.3674530326048,78.04064746033396,NO
1393.45608085401,77.01513542679679,NO
1393.4546937052542,75.98390464760162,NO
1393.36534407645,74.95958583128169,NO
1393.2028271369445,73.96140899830066,NO
1393.0032550353437,72.99913583128117,NO
1392.7853326249133,72.06907121500387,NO
1391.911682845926,70.04536337987192,NO
1391.0819469406429,68.94871969571896,NO
1390.7863275462742,68.1624669214189,NO
1389.8786094871505,67.11160680204478,NO
1388.8849553430496,66.12959273139363,NO
1387.8153999548529,65.25297042601656,NO
1386.3095646744787,64.3906053824438,NO
1385.9317046450492,64.13859939911417,NO
1383.9087156617913,63.29562080792594,NO
1382.9834448993608,63.05862453663167,NO
1382.0296956335897,62.85720822969552,NO
1381.04053559324,62.684101920033676,NO
1380.030342531455,62.57141172399032,NO
1379.0,62.52654867156744,NO
1377.9679991406367,62.57457682203751,NO
1376.959493146935,62.68967629187883,NO
1375.9715290328013,62.86012089862017,NO
1375.016769071885,63.05985166549894,NO
1374.091339195175,63.295798460094915,NO
1372.068951146907,64.1399302710475,NO
1371.6934525673357,64.39461702155039,NO
1370.1845839431012,65.25294836025068,NO
1369.1158939244315,66.1301637250283,NO
1368.1218254209816,67.11234200420812,NO
1367.1358675457705,68.1423264429671,NO
1363.9817344809555,68.21171397707506,NO
1362.9850011545152,68.10584291771238,NO
1360.9933011874411,67.00724485804541,NO
1359.979316652273,66.02185294134132,NO
1359.1456052462345,65.62104692908856,NO
1357.994296925854,65.32641712739921,NO
1356.971734465367,65.36108223761306,NO
1355.9978902673677,65.2818000066755,NO
1355.007400231471,65.22447369436331,NO
1354.0079815066192,65.23944521463935,NO
1353.0052178989229,65.26611283812397,NO
1351.993179761834,65.26598929145096,NO
1350.9888523069014,65.02665752802315,NO
1348.9672362748913,64.21151265947937,NO
1347.9939928714082,64.12254541961477,NO
1346.997287875741,64.08136373322625,NO
1345.9978446416983,64.05796166248287,NO
1343.9494046448801,63.06421413957002,NO
1341.9729233707724,62.23015135620534,NO
1340.9913557391615,62.1520197639162,NO
1340.001792291609,62.130581245415506,NO
1339.0,62.13725490196079,NO
1337.997670694142,62.13121756463449,NO
1337.015857782697,61.95611033069395,NO
1334.9803386369024,61.3457688091792,NO
1334.0044843184269,61.326714627280474,NO
1333.0248733491467,61.36244023815692,NO
1331.967265918879,61.34070164055741,NO
1330.9641920950937,61.22678339203711,NO
1330.0127070037813,60.97455704634167,NO
1328.0065931269062,59.984801451924156,NO
1325.9594862827514,59.184562491565124,NO
1323.9462577043175,58.30407737838281,NO
1322.9901722178183,58.159780710141014,NO
1320.8828795044756,57.357135022503876,NO
1319.995811233394,57.185216338830294,NO
1317.860859529501,56.266123029986844,NO
1317.0195197877513,55.96119447647066,NO
1315.003787269645,55.275929644765405,NO
1314.0016778489676,55.28523433350243,NO
1312.9983221510324,55.28523433350243,NO
1311.9962215510025,55.275286997586555,NO
1310.9959108316261,55.260684466962225,NO
1309.991511526929,55.269166725684364,NO
1307.9140436373893,54.096879713663526,NO
1305.957497262486,53.0830655167814,NO
1303.9582867534784,52.321787892068066,NO
1302.9895238925008,52.018022277126164,NO
1300.9978375147973,51.220573488627124,NO
1299.9987486180635,51.21273493593078,NO
1299.0,51.20980392156863,NO
1297.9987833370983,51.20683269984941,NO
1296.988576707433,51.20971440938688,NO
1295.998294951067,51.00353685204947,NO
1294.9868272181625,50.786702256250784,NO
1294.0080102480697,51.01757026447974,NO
1293.0047942695019,51.23080984156025,NO
1292.0068209466403,51.24847733899066,NO
1291.0036965400784,51.269319347788674,NO
1289.9968192706162,51.27036200491803,NO
1288.9807519062774,51.26837341967098,NO
1287.979946175501,51.307030977993705,NO
1287.014844543228,51.29958988339,NO
1285.9961304378996,51.220109801606576,NO
1285.0060078654453,50.984259075291284,NO
1282.9648738729475,50.293677453083546,NO
1281.992402368666,50.22792895531325,NO
1280.9945717241649,50.19774433167708,NO
1279.9989329319424,50.18140157555312,NO
1279.0012693911187,50.18442439632902,NO
1278.001144520351,50.193423941778775,NO
1277.0025576632777,50.20008797435584,NO
1276.004186385499,50.21350565487464,NO
1275.0045677723626,50.23295638441346,NO
1273.9939928702524,50.25830658251366,NO
1272.9901765755758,50.021743454636706,NO
1270.993284967136,49.34246666712067,NO
1269.0086837200713,50.018648644763275,NO
1268.0114319746397,50.26346712723358,NO
1265.9935598427635,50.98524195316875,NO
1265.0076316198702,51.20364374339953,NO
1264.0059628335,51.23392654425898,NO
1261.96621250761,51.91184623020159,NO
1261.0035087146034,52.08370790170389,NO
1260.0105042807434,52.13392957922906,NO
1259.0212277766445,52.216523320153385,NO
1258.021285927517,52.30155064245207,NO
1257.008322516936,52.353706958573035,NO
1255.9978608549716,52.36365466635697,NO
1254.995827783818,52.3546383850508,NO
1253.9882178030591,52.33186521466218,NO
1252.978195326295,52.042185367771616,NO
1250.998061482162,51.24716103872426,NO
1250.003430630199,51.24994591377469,NO
1249.0036172111288,51.26353966717921,NO
1248.0016086519906,51.27347084707665,NO
1246.998391113328,51.273510742926995,NO
1246.0010688531067,51.272557550187045,NO
1244.0104640308389,52.01989768609149,NO
1243.028658386125,52.29633990778031,NO
1242.0143659978553,52.33302994779695,NO
1241.0093946413551,52.36855900584712,NO
1239.0034987375739,53.00836500158325,NO
1238.0109677823978,53.23219029200019,NO
1237.0069248939178,53.252263989762675,NO
1236.0015853757554,53.269513886959594,NO
1234.9963567071632,53.26543990589981,NO
1233.9946545357377,53.247835166289,NO
1233.0014132496906,53.240252455011046,NO
1230.9776574671394,53.953703695482076,NO
1230.014043136458,54.17499908227518,NO
1228.9989103870369,54.18523420958095,NO
1228.0014610794808,54.1862876446579,NO
1227.0043294981122,54.200731280192116,NO
1226.002997916748,54.21841964813426,NO
1225.0,54.22549019607843,NO
1223.99228210919,54.238289881088065,NO
1223.0,54.25784753363229,NO
1222.0103293994887,54.24298682322127,NO
1221.005804950104,54.246710371606866,NO
1220.0074620336943,54.271831224249986,NO
1219.004019266553,54.29283227658324,NO
1217.9959797262973,54.29290565463409,NO
1216.9961547004973,54.280157534376556,NO
1214.996054968229,54.99223719563918,NO
1214.0291011855415,55.246594248447444,NO
1213.0115300359007,55.294015913276674,NO
1211.9975557390917,55.311643283939866,NO
1210.9958711347863,55.300817321834664,NO
1209.9982872162846,55.29117324085483,NO
1209.00171278369,55.2911732364992,NO
1207.0105730713171,56.018104575029305,NO
1206.0566810441878,56.33424638349639,NO
1203.9847287308214,56.95862113583165,NO
1203.0120801299654,57.157041682509366,NO
1202.030360428251,57.27147529860464,NO
1199.9835227309877,57.91242979412944,NO
1199.0124329768134,58.06470222276789,NO
1197.998361795206,58.16709688743097,NO
1196.992870833384,58.13984133986729,NO
1196.0457989195027,58.20811881577843,NO
1195.1170359699954,58.437875982325046,NO
1193.9703971552085,58.75347545958404,NO
1192.9833598996013,58.90356305344749,NO
1192.0207295184719,59.08259417436792,NO
1191.060480679138,59.28896323988273,NO
1189.932409324117,59.58885925041576,NO
1188.9693346218223,59.72672534039013,NO
1187.9878760282563,59.80677420177643,NO
1187.0013087429068,59.83313526967994,NO
1186.00865993174,59.807975429807634,NO
1184.9995791164179,59.785349361915124,NO
1183.989347318524,59.8189044155859,NO
1182.9909510877467,59.89511487756224,NO
1182.01521005488,60.057460209292934,NO
1181.0896021445524,60.27449545993771,NO
1178.9821837435254,60.820602649097026,NO
1177.9961407417957,60.982885028628466,NO
1177.0642814214157,61.18853270444385,NO
1174.9847203702893,61.77440076162828,NO
1173.987249849264,61.85155181008582,NO
1173.0503087378481,61.7895535923353,NO
1172.1317975105242,61.590017361364524,NO
1170.873996725077,61.64961879793783,NO
1169.972814884516,61.93559106072032,NO
1169.0115647120447,62.1338202429488,NO
1168.0049142350304,62.167083996634695,NO
1167.0057745831277,62.19633583292593,NO
1166.0,62.21176470588235,NO
1164.9983693769866,62.20790444631263,NO
1164.0073529480783,62.22058845714657,NO
1161.9902732989574,62.978455812934186,NO
1161.016544662067,63.209703579591064,NO
1158.9757717546458,63.954842674668434,NO
1158.0375033526918,64.21383489939869,NO
1157.0053977661603,64.30587340131838,NO
1156.0208276738874,64.34264881642396,NO
1155.0178526112256,64.39586224236831,NO
1153.9060287124191,64.67450523358208,NO
1152.973972424505,64.92238907265069,NO
1152.032876340415,65.14195204695541,NO
1149.984479308301,65.91080277188333,NO
1149.0023427512308,66.02542134213878,NO
1148.0094273035731,66.11181220295352,NO
1147.0463128436809,66.24301232364758,NO
1144.9856739310321,66.89016681008137,NO
1143.998592487172,66.98159406407538,NO
1143.0031400200096,67.05004406852755,NO
1142.0067633284211,67.11126765721205,NO
1141.010408607722,67.17123837908177,NO
1140.0120721358653,67.22802923547066,NO
1139.0160436343683,67.28214668143299,NO
1137.0070314109532,68.01465009545853,NO
1134.9718276262795,68.93517479391788,NO
1134.0455664449596,69.18389314521033,NO
1131.9828801626102,69.9007874501326,NO
1131.005551951375,70.03932632406506,NO
1130.094802350901,70.23847465923308,NO
1128.0127156520514,71.11245058968174,NO
1127.0809909849327,71.28485423739266,NO
1125.0154571099795,72.06033644306058,NO
1124.057206081739,72.2604919919796,NO
1123.0276415936407,72.4405378953606,NO
1121.9943990138522,72.47608383542118,NO
1120.98322907955,72.45016682126341,NO
1119.994135981819,72.42723560907181,NO
1118.038346272176,73.05691394037801,NO
1116.007984153234,74.06100391902677,NO
1115.0734763099604,74.22626809781667,NO
1113.0016113035224,75.00972536747872,NO
1112.0513200305822,75.19510093227456,NO
1109.998447051195,75.99263110594761,NO
1109.013812125967,76.12807607488061,NO
1108.002303593896,76.19580548645148,NO
1107.0798708054117,76.31474510604447,NO
1105.023356469959,77.08971007497155,NO
1104.087287913622,77.32603588448715,NO
1101.9883296039718,77.93962356300324,NO
1101.016278075549,78.09766845329466,NO
1100.0644650167692,78.30264628876827,NO
1098.0352115566502,79.13333246399955,NO
1095.9818277241695,79.95426303723282,NO
1095.1081836512483,80.22528965826851,NO
1093.0326800628807,81.14367958407769,NO
1092.0229601010826,81.31647705312996,NO
1089.9939528748073,81.98442504353456,NO
1089.007853302841,82.18847926818826,NO
1088.036068196565,82.27534988378595,NO
1085.980898180854,82.90812024462109,NO
1085.008611734606,83.05855979461475,NO
1084.0645780729885,83.2478252343682,NO
1083.7545016881686,83.42226062664423,NO
1082.0398835346978,84.13151186850239,NO
1081.1955186960404,84.46643347518572,NO
1079.054790614244,85.15928292419845,NO
1076.9951330579345,85.97056379777801,NO
1076.0400112279772,86.14951564648652,NO
1075.2698390124935,86.52875970235985,NO
1073.0763294637486,87.24201390110923,NO
1070.9998078428027,87.99892940991712,NO
1070.0385739928,88.1695925513343,NO
1067.9879121908791,88.97592949298812,NO
1067.164905290262,89.32891435576279,NO
1065.0390455790969,90.15942190423216,NO
1062.986287610222,90.90839361945768,NO
1062.0043332057096,91.03249904208901,NO
1061.0187904964737,91.1521135422303,NO
1060.0732226236298,91.34299019564823,NO
1058.0369933673517,92.1628712548038,NO
1055.9966038262398,92.99269822651158,NO
1055.0342449741013,93.2486482858228,NO
1054.0272949421842,93.35693383881551,NO
1052.0280104441108,94.0458065530744,NO
1051.5141149887547,94.36549132592727,NO
1050.0942553387802,95.17754033941071,NO
1048.0592997652557,96.13267789488232,NO
1047.6333071609274,96.27202277224184,NO
1046.0662983532884,97.10672417645496,NO
1044.0748399707181,98.25071390190588,NO
1042.0593573935264,99.13772084954789,NO
1039.989637132625,99.93800675304985,NO
1039.0365955786708,100.12330286691206,NO
1036.984733361116,100.95981344483398,NO
1036.1182825705293,101.23090569621026,NO
1034.1657584971608,102.29897080896342,NO
1032.1180968968622,103.3574717421486,NO
1030.0012401741405,104.00388029952087,NO
1029.062200782842,104.22821870298293,NO
1026.974398752716,104.92542245131632,NO
1026.042037350214,105.1573010467792,NO
1025.2509603725912,105.55592485919571,NO
1024.0475762147523,106.08635682643146,NO
1023.395654889024,106.58549405452975,NO
1022.1254177289724,107.22496454308867,NO
1020.0746900135244,108.22698952136768,NO
1018.0142876475645,109.05778177017186,NO
1017.089259213962,109.28489584852213,NO
1015.0408824220056,110.13459342812774,NO
1012.9780706146332,110.95461570884397,NO
1012.1136963756411,111.24537533328854,NO
1010.1570852282928,112.28597568024814,NO
1008.0793269009044,113.19546849573437,NO
1006.0974242901666,114.25486641846614,NO
1003.991287965468,114.93204613207952,NO
1003.0479332115984,115.12597657863981,NO
1002.2645448563051,115.52686664555733,NO
1001.0389784505925,116.08300117483031,NO
1000.3131554545989,116.51827227501516,NO
998.7155296598726,117.39324998729938,NO
997.0255184232202,118.08160670291385,NO
996.280304685403,118.46670019773525,NO
995.1085347750327,119.16599435764245,NO
993.1688073850991,120.29823938382411,NO
991.0514608527401,121.15212408795416,NO
988.995768921371,121.98339094237224,NO
988.0896693828589,122.2126445341359,NO
986.131515354754,123.23225051603575,NO
984.0812979932808,124.20681068768248,NO
982.0418890452988,125.21424502008452,NO
980.0013709772303,126.00239020884418,NO
979.2401908061437,126.43647576903632,NO
978.0415074063412,127.08191770308002,NO
977.2343625391981,127.49695363274182,NO
976.0323955371249,128.06739428367194,NO
975.2242695931116,128.48992228980006,NO
974.0412568317956,129.0753817417414,NO
973.3918249724741,129.52570595316135,NO
972.1395831266448,130.24690562300088,NO
970.2012690123547,131.3896029911869,NO
968.198120329528,132.4074549982238,NO
967.0252145224255,133.05048373886143,NO
966.263789743184,133.45904588195611,NO
965.0388792387864,134.09531684525783,NO
963.9419057246142,134.91793031013677,NO
963.1235146072399,135.22373479110183,NO
961.1387882445873,136.25018813260178,NO
959.1960853896036,137.29887905293342,NO
958.0532732195775,138.09858349111315,NO
956.9247316929112,138.8216510702384,NO
956.041457995929,139.08786052093265,NO
955.3889075943595,139.57106575762708,NO
954.2220385407367,140.26806109387297,NO
953.1513405944565,141.1920235544999,NO
952.0511211314389,142.07677331640463,NO
950.1198329360917,143.30164843767585,NO
948.1234134432821,144.22236909815692,NO
946.2818677354758,145.34486707182074,NO
945.2057535351861,146.25222611429294,NO
944.0670901105967,147.11506810578456,NO
942.1766867647974,148.2901342232588,NO
941.0416289202357,149.07420807222593,NO
940.3762989651635,149.62976455062395,NO
939.2474664456885,150.25921059752812,NO
938.1803465057328,151.2268875444858,NO
937.0735410705014,152.11148001571487,NO
935.1598150626768,153.23639312240115,NO
934.0696063438178,154.10091011637647,NO
932.2221291050781,155.3047611420576,NO
931.1477221224894,156.1776726573822,NO
930.0744367890214,157.10447974887947,NO
928.200392198873,158.28431378010345,NO
927.0872147918926,159.13332093830877,NO
926.0010457719247,160.00143456150255,NO
925.260067644959,160.40762374453655,NO
924.0875559370095,161.1393747616774,NO
923.0253550216127,162.0352931725837,NO
922.3544626153674,162.54597322695162,NO
921.1845862957247,163.23742201796685,NO
920.1334713691424,164.15736995921986,NO
919.0457620184427,165.07381798082574,NO
917.9501994761239,165.91129281428766,NO
917.1046746563653,166.1931944486843,NO
916.0084044238588,167.01262069008726,NO
915.2132763602813,167.4374166676582,NO
914.0333658748125,168.06441656626293,NO
913.254743153315,168.5327771070062,NO
912.0329853495375,169.07325530435267,NO
911.5046153663902,169.56186168489933,NO
910.3273223345449,170.37120912915694,NO
909.1749585367113,171.24601449201242,NO
908.0374020335787,172.07064828538387,NO
907.4025433824686,172.55236894762584,NO
906.2591868889123,173.3096652526184,NO
905.1033335908683,174.18800340377868,NO
903.0983974990279,175.21433118447032,NO
901.1964234268776,176.23338113145957,NO
900.1112005322886,177.16582536080438,NO
899.0074184443416,178.01249878038303,NO
898.2497321562934,178.41384186723198,NO
897.0322484383285,179.0862415415048,NO
894.9752297595622,179.92309892512444,NO
894.0929676662066,180.17611627577296,NO
892.1540732767924,181.28814665646945,NO
890.2432660352083,182.42777216434015,NO
888.638829313402,183.28730411051913,NO
887.1150751611123,184.22393004365105,NO
885.2546683971337,185.29809321553802,NO
884.1841294143649,186.22733667319403,NO
883.1513943701812,187.1705390799492,NO
882.1233126470514,188.13207800384683,NO
880.625955164174,189.33885051657847,NO
879.0400491326617,190.0917708754734,NO
878.4352926052359,190.50266989834915,NO
877.1314023711252,191.29574201612908,NO
875.0608742380554,192.1380592714452,NO
874.6562923769543,192.2464454361729,NO
873.0666511268441,193.10585767467816,NO
872.0058348627789,194.00790340980026,NO
871.3256931428949,194.4347117643387,NO
870.1959116139545,195.24542775158952,NO
869.0735063238045,196.13049929602116,NO
867.1207070172495,197.19686444510262,NO
865.2113605272331,198.35584714764244,NO
864.0421818055071,199.08473040804748,NO
862.0375725882237,200.05595448244628,NO
861.5229413958918,200.51862846901662,NO
860.2886929863072,201.3957499553471,NO
859.0905286303789,202.1810572607578,NO
857.0742970258055,203.13487040075805,NO
855.1489245859432,204.26111889175735,NO
854.0397621271458,205.05806881463792,NO
853.4927650633364,205.6020206815611,NO
852.2999817908424,206.3584577692266,NO
851.173497727019,207.2397482870483,NO
850.0737425833833,208.10036822630352,NO
848.2236869887416,209.35769766648116,NO
847.0637895852497,210.1103421413338,NO
845.9816788477546,210.97626706108562,NO
845.2692321754935,211.3891471198026,NO
844.0513719952447,212.11834586251885,NO
842.9249493975585,212.82802475276952,NO
842.044431532705,213.09422724208858,NO
841.3753622300173,213.57830926065373,NO
840.2365939071394,214.25762447110327,NO
839.1596930443031,215.22760847312807,NO
837.254975886612,216.4198563599888,NO
836.0470737471645,217.1028648540409,NO
835.2975556699282,217.5884246677677,NO
834.0876806370513,218.14829934274817,NO
832.1964284817147,219.32224542050847,NO
830.6435011262599,220.38804208450966,NO
829.187341688348,221.29094435719887,NO
828.0324683147944,222.06572504195253,NO
827.3675264217011,222.51683399744172,NO
826.0969593618354,223.20116802262262,NO
824.984446123449,223.9780831735868,NO
824.3763433787728,224.35714217304042,NO
823.2279607592866,225.359088626083,NO
822.087124338992,226.12913944071678,NO
821.0133996055479,227.02012308344285,NO
820.3342385102117,227.49026744325522,NO
819.1894163562401,228.2391900034021,NO
818.0890023045467,229.1318049414392,NO
816.2203633280002,230.3158991547723,NO
815.1075091882202,231.15971017099682,NO
814.0198798918526,232.02768459154996,NO
813.3199925684746,232.45456888789306,NO
812.1187268822443,233.19099540993784,NO
811.0378110532805,234.05108248365636,NO
809.9904229676098,234.98867141587712,NO
809.3606781485613,235.4661306378541,NO
808.196851704724,236.27718311245434,NO
807.0372778211664,237.0798308019897,NO
806.3345945335054,237.52465063379506,NO
805.1918448043452,238.2331965152321,NO
804.054906088685,239.10612000949536,NO
803.2931882948562,239.6162221123082,NO
802.0888595997279,240.1473768978603,NO
800.2259836591204,241.30293310372562,NO
799.1319104497327,242.18884290071188,NO
798.0173316711596,243.0286435614247,NO
797.3660050351773,243.4321591790931,NO
796.2225471519588,244.2998021828438,NO
795.1370095782831,245.18464281458893,NO
793.2647562175098,246.4012527707053,NO
792.0899925557502,247.15474328771413,NO
790.9890454850109,247.98407943841548,NO
790.3328347245719,248.35775281858795,NO
789.2077022722743,249.30001438603534,NO
788.0837398666695,250.12944583563512,NO
787.005444581448,251.0079822299879,NO
786.3267220886531,251.4281885784047,NO
785.1641346419584,252.24226272755376,NO
784.0806387469353,253.10420570148614,NO
783.0146280688879,254.02301809691093,NO
782.3339379257118,254.4440886425979,NO
781.165092005602,255.23722259536382,NO
780.0520078350513,256.0793803786243,NO
778.2439141914886,257.3557921835237,NO
776.7062732575521,258.3944577476122,NO
775.1035716414427,259.1905990219536,NO
773.1912100338764,260.30047291340986,NO
772.0471311117769,261.08140828295893,NO
770.9823106258945,261.9786342203383,NO
770.3662024325748,262.4206669791111,NO
769.1766783651188,263.2759686687406,NO
768.036660759332,264.0599718527925,NO
766.970314900236,264.9599395231086,NO
766.2309017159781,265.33546100145276,NO
765.0672576631478,266.1253057784284,NO
763.2049441792584,267.28404544582355,NO
762.0466529919984,268.09432460797495,NO
761.3103692150457,268.59423304508556,NO
760.0992059527226,269.16160970137014,NO
758.2556470274841,270.3530862743376,NO
757.1063082747896,271.17439569866013,NO
755.2464235199377,272.3060791074955,NO
754.1352049912101,273.195698239924,NO
753.0283131029757,274.0480890490108,NO
752.3432404532696,274.5156515801751,NO
751.1628779727461,275.23835014106913,NO
749.1132483459822,276.292883665665,NO
748.008535742116,277.010669677645,NO
747.5843283441504,277.5685356835737,NO
747.0036568526734,278.00338423362433,NO
746.0098853363747,279.0109084340775,NO
745.4160552018682,279.5940881210347,NO
744.2756243815729,280.30229771354135,NO
743.2325157615674,281.28302481354535,NO
742.1105307660451,282.1498035941624,NO
741.0345440678004,283.05344317799,NO
740.3061613392574,283.61143521624336,NO
739.0824868571036,284.13515153190343,NO
738.0050578318322,285.0068926154745,NO
737.3179403242398,285.50560267012355,NO
736.1102181662908,286.1865230585927,NO
734.173791044158,287.27030130937146,NO
733.1438017044131,288.1429221897155,NO
732.1364179180231,289.1529813129449,NO
731.0453416039296,290.0721228098191,NO
729.9625658315291,290.95073828821387,NO
729.2421787589476,291.30780735473155,NO
728.1617215410206,292.19721441571596,NO
727.1221054740771,293.14661107378396,NO
726.0461811066647,294.06286909307215,NO
724.1922668333806,295.31901733295916,NO
722.6149820824247,296.2878281538863,NO
721.1011227309259,297.178875853706,NO
719.3225027573667,298.3606546740757,NO
718.2121356258751,299.2714088157599,NO
717.0717072990969,300.1267581782395,NO
715.9728581685453,300.9614922413748,NO
715.3197376184264,301.34311880385064,NO
714.3126098365018,302.32852452026685,NO
713.2226879234616,303.291889728143,NO
712.0633518718049,304.10651191148787,NO
710.9885433356162,304.98481580933793,NO
710.3320979433316,305.4122825377972,NO
709.2449993911167,306.27938526824033,NO
708.1506842797421,307.20015420909044,NO
707.0599371197983,308.09155230537283,NO
705.9854372744747,308.98160960900134,NO
705.316305516929,309.40395641788444,NO
704.1765132878503,310.2262173777239,NO
703.0980545437903,311.13902733465085,NO
701.9965950315043,311.9946211367847,NO
701.3279447611662,312.37488223255303,NO
700.2691821038926,313.3055315096908,NO
699.1430424426325,314.2213272497862,NO
698.0135134745743,315.0234598086434,NO
697.3297495312158,315.4230120087471,NO
696.1521695093215,316.2349497234603,NO
695.0326248959284,317.0564661667774,NO
694.3839591788932,317.55994048776694,NO
693.2111505454698,318.26278226388723,NO
692.1062717999544,319.16134547420273,NO
691.0059185016005,320.0091353076382,NO
690.3509553231984,320.4135287433929,NO
689.1927568170776,321.2913577896753,NO
688.1000070862196,322.1272491533849,NO
687.0361277515797,323.0568490682816,NO
686.315873610607,323.5610046786485,NO
685.1546259802477,324.1941625730793,NO
684.1253960148348,325.1358289638684,NO
683.1165063155237,326.12014146421404,NO
682.0712032774134,327.09634849433604,NO
680.236420652879,328.2832709655295,NO
679.173470098971,329.21985588521744,NO
678.0716892328048,330.1062512697527,NO
676.9945078407102,330.9921953524085,NO
676.3299661321469,331.38246072491967,NO
675.299526023819,332.30985449588405,NO
674.2624587760172,333.2973903529983,NO
673.1707436010386,334.2164398934737,NO
671.6541631558867,335.2872387209223,NO
670.1473274582212,336.1650658790352,NO
669.2000299645465,337.1756939645764,NO
668.1875649932817,338.19796827706244,NO
667.1204539018479,339.160749619673,NO
666.0470485054345,340.061266903754,NO
664.1924206825173,341.3172573800854,NO
663.0545216227612,342.0870718468588,NO
661.9989578086406,342.9987446686842,NO
661.289833179713,343.4433521099465,NO
660.1237616395804,344.1782076127073,NO
659.0383458888944,345.0563205225368,NO
657.9939273939763,345.99338835542767,NO
657.488691151369,346.5075231708565,NO
656.3758527898831,347.4093239215638,NO
655.324363749085,348.34021399246586,NO
654.2530854228748,349.3028727153215,NO
653.102531648716,350.16556818434566,NO
652.0481486671093,351.05374568264403,NO
651.0156791895456,352.01865872333775,NO
650.0058030499113,353.00596074153344,NO
648.9578278621518,353.93839776941684,NO
648.1936128400033,354.27402464016495,NO
647.1590344884765,355.16519067298174,NO
646.1287775428266,356.14785569342376,NO
645.0576912801805,357.0760993490885,NO
644.0112188367207,358.01275522531006,NO
642.9804065180767,358.9754266333172,NO
642.2626070833376,359.3691566884755,NO
641.2131021496044,360.21936985666997,NO
640.2018131064473,361.22481771336,NO
639.1779055392261,362.19172927865907,NO
638.1350139685258,363.15712427894067,NO
637.0466607545778,364.0747101317278,NO
635.9571272152344,364.943043403729,NO
635.2396525059565,365.2879341490499,NO
634.1913724265269,366.2041093663162,NO
633.113699752156,367.1636368399346,NO
632.0197319295147,368.0262982952532,NO
631.4693002846618,368.53478406799616,NO
630.2848617891793,369.33463316865567,NO
629.2895137499492,370.28472841111204,NO
628.209323446985,371.27060826163853,NO
627.108072710047,372.1508267452974,NO
626.0538232803997,373.06114733122826,NO
625.013347059924,374.01873151566673,NO
624.3493120107354,374.47198261683934,NO
623.1912499853038,375.2558372171518,NO
622.1128870608259,376.13637362797834,NO
621.0590634921502,377.0812737275937,NO
619.9842385363471,377.97899288688853,NO
619.2911918108786,378.37953744801763,NO
618.1632457106953,379.22368401018235,NO
617.0591018823554,380.0898263248539,NO
616.0270955711156,381.02470797799157,NO
615.055271147785,382.0569588157696,NO
614.0062508077614,383.008283942607,NO
613.3320002408341,383.40133363343915,NO
612.219811790272,384.2650213168811,NO
611.147266811186,385.1875493882448,NO
610.1500162234854,386.1418458895929,NO
609.1591278468975,387.1637107352676,NO
608.1324440949246,388.1373875728745,NO
607.144231720073,389.1407351887212,NO
606.096701314536,390.11464908163197,NO
605.0548342660984,391.0682665344283,NO
603.2300259152911,392.33048622033664,NO
602.1159488762976,393.15224591385044,NO
601.1193424106837,394.11242400425743,NO
600.1682596549228,395.13903809074895,NO
599.3070215065609,396.2197994866285,NO
598.3827179323314,397.38132625382764,NO
597.298405654339,398.3280345734969,NO
596.1569993316177,399.240649070581,NO
595.0799335897575,400.0987414887756,NO
594.0410112563588,401.0513972249472,NO
592.283022234677,402.34579786354686,NO
591.197243808087,403.24053272136786,NO
590.1557291257775,404.16660544101256,NO
589.1492094980196,405.1655218012132,NO
588.0663298639213,406.0843612840471,NO
587.050813053528,407.05752972225935,NO
585.9795449392394,407.9726942729218,NO
585.3810603155096,408.35402563724756,NO
584.3078658819413,409.38680584486985,NO
583.1785263523765,410.25063699717316,NO
582.0989297627743,411.11539061524775,NO
581.1489771002036,412.12331993525174,NO
580.1445075474062,413.1568871090445,NO
579.1300618303785,414.1337602740569,NO
578.0831165131364,415.1070653329304,NO
577.02511039927,416.02901027152274,NO
576.5299472132472,416.58271255697974,NO
575.3180760421733,417.37270741699734,NO
574.3148549771619,418.29733441088206,NO
573.2862610891967,419.3292526763938,NO
572.2336118373503,420.2557434833606,NO
571.2318154991617,421.2395426857786,NO
570.138828257581,422.18251019576667,NO
568.6052767304595,423.31624436632814,NO
567.974746903843,423.96955895678855,NO
567.4218906574132,424.37437395463667,NO
566.3427578699564,425.4174179888898,NO
565.2162237039361,426.26359427242943,NO
564.1357200251397,427.17048339726557,NO
563.0623078013238,428.09241774166634,NO
561.9828078300034,428.9771394951994,NO
561.3121776614546,429.3768900967768,NO
560.2391303181732,430.2568735534834,NO
559.2531944493597,431.24049503810943,NO
558.3230792911742,432.2791159840804,NO
557.0318909380311,434.03388412165805,NO
556.0123828555454,435.0118444703885,NO
555.0377729750342,436.03552585521896,NO
554.0184611697125,437.02236859499175,NO
553.4703062997827,437.57504259072783,NO
552.3224102265882,438.36994899949065,NO
551.2677967531841,439.27675314744874,NO
550.2775840230107,440.260867401678,NO
549.301915089093,441.3070497187455,NO
548.2201246702901,442.270645095967,NO
547.1756218156472,443.18871517039304,NO
546.1657500679405,444.17475246325597,NO
545.126205287589,445.14865119615814,NO
544.0805627281494,446.09240261618186,NO
543.0542553457773,447.0633551304576,NO
542.008053785348,448.0091292912302,NO
541.5048568142682,448.48341499783436,NO
540.4028414911642,449.4351920307466,NO
539.5456379344879,450.47730761358764,NO
538.4076796114364,451.4943115226605,NO
537.2319910993323,452.3043229313105,NO
536.1082454627908,453.1666769866398,NO
535.0128331321499,454.0211495755287,NO
534.3398276626459,454.4239366939734,NO
533.2598337652479,455.2828514064028,NO
532.2566965553409,456.2541675211025,NO
531.3183535248055,457.3004032401994,NO
530.259628629779,458.29071094296114,NO
529.2149462796496,459.2336060722314,NO
528.1637734648666,460.1880561971516,NO
527.1428707193998,461.1504135762481,NO
526.1126575567438,462.11904709141675,NO
525.0934409571078,463.10920208188696,NO
524.0219897468908,464.0295521642421,NO
523.4779246304338,464.5536557570353,NO
522.242355908691,465.3244134359065,NO
521.1988929159883,466.2113033167425,NO
520.168700526994,467.1853485914583,NO
519.205472130713,468.1683811850882,NO
518.289918473189,469.24843851397634,NO
517.3555884415805,470.32732977064506,NO
516.2645396539917,471.33042499425716,NO
515.1461103635805,472.2040183291049,NO
514.0310435895212,473.054552328924,NO
513.3735002354905,473.5357446822049,NO
512.2109211863767,474.2597419977063,NO
511.1937224444198,475.20603257312746,NO
510.160251047412,476.17231577280177,NO
509.1272205635037,477.15211613223886,NO
508.0323430419975,478.0449701220955,NO
507.04048580234445,479.0354052307933,NO
506.05612411162525,480.0486822427459,NO
505.12851522800867,481.11203891385924,NO
504.1037232761086,482.1150628057671,NO
503.04069396212105,483.0601812125633,NO
501.9722856875905,483.96698381944236,NO
501.3222894185152,484.3584886023281,NO
500.25152789214553,485.2874604546712,NO
499.2677513587841,486.2482012604003,NO
498.2692697173222,487.27104123775933,NO
497.2329817182205,488.2646412602615,NO
496.14870108679196,489.1908063998327,NO
495.1069899189167,490.12573526143234,NO
494.06776700783985,491.07045289932483,NO
493.1101150730083,492.1003620225937,NO
492.02832500058156,493.0481579793901,NO
491.2802752521763,493.50651287658366,NO
490.074319642227,494.12357632429644,NO
489.0629219568899,495.0533415815817,NO
488.11566663794804,496.1004601178418,NO
487.15129762435606,497.1417991194008,NO
486.14438620248904,498.14800150787164,NO
485.1140792675823,499.13427689999855,NO
484.05478501617415,500.0680497108903,NO
483.0036888309972,501.00515196416086,NO
482.3104711868429,501.42502659311174,NO
481.1725989461257,502.22697077070114,NO
480.11080291839124,503.14068671591525,NO
479.01317963550986,504.02426636674613,NO
478.3366029740985,504.4279566095962,NO
477.3097032135613,505.30339347826055,NO
476.27237069846706,506.299161260158,NO
475.246798855766,507.2753099108583,NO
474.09446613224185,508.1465116191839,NO
473.02316153717413,509.0289345312346,NO
471.9929615227378,509.99337008846146,NO
471.0827451647787,511.0639246932386,NO
470.0467021808116,512.0548515557684,NO
469.027904419508,513.0338248577318,NO
467.96354903294497,513.9530851889135,NO
467.24922105039786,514.3229550987606,NO
466.16117772658106,515.2016208593941,NO
465.11895892356574,516.1358382326149,NO
464.09754247515804,517.0984569344428,NO
463.04896833261,518.0699182617443,NO
461.98778557018204,518.9872716388708,NO
461.4812565998369,519.4306897939268,NO
461.037434288231,520.025959454209,NO
460.1752654367093,521.1187131256945,NO
459.3880459588917,522.2598522041179,NO
458.97324627386524,522.9785169580459,NO
458.003285231755,524.003039686161,NO
457.0624722954076,525.0501746023192,NO
456.0164153181301,526.0269082486539,NO
455.3551899588614,526.4339619143576,NO
454.24335920751196,527.2652615325404,NO
453.41294088689176,528.2967240031036,NO
452.9949884872335,528.9964120806901,NO
452.09865680024353,530.0650614409859,NO
451.21570592799304,531.1760286353892,NO
450.2765377659145,532.2334080309179,NO
449.569502746139,533.3902316312467,NO
449.07977120179663,534.0410677213714,NO
448.17750263180653,535.1701066936993,NO
447.21599347007736,536.1719381386292,NO
446.3382954111829,537.2843795851294,NO
445.57829008437255,538.4646611516347,NO
445.01129309313194,539.010868083663,NO
444.0513676981659,540.0357750523884,NO
443.1689433044752,541.1351069826846,NO
442.2100144204951,542.1786689828832,NO
441.2683826055386,543.2464393711806,NO
440.3719712135853,544.3124071973322,NO
439.4778238817987,545.5042646956255,NO
438.31655681727943,546.3535880050472,NO
437.5477621516039,547.3561301871049,NO
437.0541098851584,548.033484761138,NO
436.1717175948285,549.130146339713,NO
435.3055108624412,550.2247590912388,NO
434.2992630650531,551.339748369979,NO
433.3060722394715,552.2807351216693,NO
432.94626263167237,552.9609779994643,NO
432.0762156472209,554.0440608136383,NO
431.2602077403012,555.1820368368383,NO
430.33063962155217,556.2891100043422,NO
429.16346671058903,558.1035015338412,NO
428.2460012590153,559.2060895424823,NO
427.9271095427918,559.9504412997809,NO
427.11828556428645,561.0554701021471,NO
426.3179205677102,562.2295341518458,NO
425.5413613409643,563.4521046315141,NO
425.0176310757437,564.0161699370511,NO
424.0069976490413,565.0075397912498,NO
423.05960681494736,566.0388983458192,NO
422.16388110914346,567.126685130952,NO
421.31291791293324,568.2173638956849,NO
420.10326832749416,570.0612047947953,NO
419.2494909464374,571.1907028499706,NO
418.29680760811635,572.2840522393075,NO
417.2911358311796,573.2872279671831,NO
416.5422167876892,574.379117996755,NO
416.02295068815164,575.0176740150191,NO
415.06171030223584,576.0529191680079,NO
414.14449169989285,577.1001783899173,NO
413.49990552891165,578.2555696765629,NO
413.03326161135436,579.0239661423029,NO
412.0989572431342,580.0783574480117,NO
411.13300924137184,581.1371018430481,NO
410.1217136803223,582.1104243002223,NO
409.2163349744937,583.1650512001576,NO
408.468412926339,584.3139139126242,NO
408.03087351462284,585.0191358886245,NO
407.1327242657132,586.0937181749593,NO
406.34823806856315,587.2196873816573,NO
405.0411584007228,589.0356908639995,NO
404.12541544503,590.0822421299941,NO
403.3019027832859,591.2255494626373,NO
402.5751590722775,592.4105607222544,NO
402.05567509244224,593.0336317843129,NO
401.2086498131279,594.1415739829242,NO
400.3207452905248,595.2753568067297,NO
399.50695941123064,596.4016613066761,NO
399.0494289989986,597.0282370913077,NO
398.23523501396534,598.1469446941729,NO
397.3377524137214,599.6199543342278,NO
396.21355663816,601.1576671690942,NO
395.4375223056933,602.3015802477839,NO
395.0182577881992,603.0114739305559,NO
394.13597811517116,604.0982358166534,NO
393.23509404990443,605.1838129003536,NO
392.4994037199605,606.3419410229454,NO
392.0467527489127,607.0259279302041,NO
391.2445359175096,608.1529139349119,NO
390.3730779010945,609.316786846534,NO
389.2178491135133,611.1227876854141,NO
388.342766973421,612.2917050196244,NO
387.52007517491023,613.429550134997,NO
387.05020551885076,614.0284203037771,NO
386.2670940431399,615.1632429882893,NO
385.6088354292025,616.4449580912732,NO
385.0555284509103,617.0386728101763,NO
384.21568067529125,618.1279923241609,NO
383.17328028259055,620.1070005769274,NO
382.25738887168495,621.2128924396579,NO
381.2103867580229,623.1053149901136,NO
380.578736759777,624.3849102572041,NO
380.06549231227956,625.0362390812162,NO
379.2609290634557,626.1661706205975,NO
378.23359024327243,628.1101840757083,NO
377.14373955929653,630.0806839956362,NO
376.32600761458315,631.2393235205365,NO
375.13580917988094,633.0712096822595,NO
374.37146806362045,634.2567499970238,NO
373.35096740069025,636.1765957600635,NO
372.1090020625048,638.0557121648749,NO
371.4676095089409,639.2716460028972,NO
371.0436240344509,640.0246787407441,NO
370.2764755789177,641.1587962225358,NO
369.94515880774776,641.9604245412255,NO
369.0691573752143,643.0423816683667,NO
368.2254994616005,644.1497316388887,NO
367.62980485400624,645.3867223011879,NO
367.06816154183747,646.0445387687771,NO
366.1574290733018,647.120557529208,NO
365.3540405117958,648.229765074848,NO
364.33810847331273,650.1466643168542,NO
363.19509456437044,652.135851181532,NO
362.27829136555704,653.2394992514634,NO
361.4910068885898,654.3758521786823,NO
361.0339985060195,655.0199301596731,NO
360.27982529614025,656.147858309611,NO
359.1765698727708,658.097908413063,NO
358.58698598685595,659.3525578955717,NO
358.0665146498841,660.039293625975,NO
357.26776150137863,661.1700787701313,NO
356.3393947701273,662.6350080667721,NO
355.45027455631833,664.2380903906924,NO
354.45699585320335,666.2300397446353,NO
353.33453829381097,668.1931587244085,NO
352.19433872133266,670.1116832644776,NO
351.4098183617641,671.29290507874,NO
350.2511787647927,673.1553648677229,NO
349.3228830770836,674.6270648459131,NO
348.3627979652061,676.2149553672778,NO
347.2084208959632,678.1133606325543,NO
346.17711708719605,680.0893900834103,NO
345.2207949724245,682.1078537666142,NO
344.53178634595446,683.3932910817359,NO
344.0242133605482,684.0191483208604,NO
343.1251397462297,685.0783073706701,NO
342.330005120766,686.7141475341552,NO
342.1564986243473,687.0727710442387,NO
341.2691984833988,689.1101964156242,NO
340.2499080342321,691.1264594916267,NO
339.18071496248746,693.0999744766763,NO
338.9008213373681,693.9438385880981,NO
338.09068253377956,695.0512723973793,NO
337.39278260150326,696.2134913312683,NO
336.2226974046441,698.1477927148544,NO
335.324692853366,699.2754360424792,NO
334.17731618529933,701.0943779755812,NO
333.2474811694513,703.1118371273595,NO
332.2653982936766,705.1279027919218,NO
331.97808395795425,705.990165878349,NO
331.102656313272,708.035066293475,NO
330.34380093891264,709.63789014818,NO
329.23345943977836,711.1757359626392,NO
328.17604887787076,713.0722726960969,NO
327.93221969917096,713.9759003371495,NO
327.0712095282288,716.027015574401,NO
326.37666811296475,717.2272375237297,NO
325.23707185394073,719.1393342486042,NO
324.22741054199685,721.1006055847165,NO
323.96873129949785,721.9888303201116,NO
323.1894257642185,724.0697884359658,NO
322.9511691762175,724.9832691206469,NO
322.134282170831,727.0517945534446,NO
321.31926160303857,728.6662251308687,NO
320.8671237306546,729.940116300177,NO
320.1293456387938,731.0633469536049,NO
319.25422501509763,733.1123727116225,NO
318.3922432101814,735.18245026937,NO
318.02222279487677,736.011600578077,NO
317.12137957428524,738.0560498972916,NO
316.20385496505327,740.0895758896095,NO
315.94191902772627,740.9735261512818,NO
315.0586726744489,743.0290100489999,NO
314.20828715524175,745.0796888108368,NO
313.94805558395467,745.9760256547887,NO
313.08311089465184,748.038818262402,NO
312.2286244892732,750.0829685647725,NO
311.9619378880956,750.9821630498583,NO
311.1239471557996,753.0535787488349,NO
310.2474636922722,755.0968111107654,NO
309.96575929942935,755.982607898032,NO
309.11034309844416,758.0482208010549,NO
308.33220775565405,760.0860030182095,NO
308.0300732919575,761.013798333957,NO
307.2071040778317,763.0792052904492,NO
306.949044532541,763.9769296108092,NO
306.11788130675745,766.0518487022374,NO
305.2333644959497,768.0909399767871,NO
304.9632197710962,768.9828021723129,NO
304.1054815266908,771.047812699484,NO
303.2324594988009,773.087378391644,NO
302.9602815415619,773.9804522889867,NO
302.0930814945154,776.0410438097988,NO
301.2648209735154,778.0882736606115,NO
300.98119948682194,778.990710334937,NO
300.1486083405224,781.0615182991291,NO
299.35245230995554,783.0897414483696,NO
299.0376899502621,784.0175147413447,NO
298.225717512432,786.0815466437239,NO
297.95768286595086,786.9792563075272,NO
297.108200666798,789.0489301527742,NO
296.2423504141153,791.085995304279,NO
295.96882790843637,791.9848418062528,NO
295.163886973634,794.0658460040172,NO
294.9133692570334,794.9599120491114,NO
294.09641254195566,797.0427239889339,NO
293.21890145401017,799.0850424400537,NO
292.9518957749848,799.9764194983242,NO
292.1298722129289,802.0559154258933,NO
291.30875814317955,804.0897003790722,NO
291.0078885648542,805.0038514760065,NO
290.18284030558436,807.0732082481471,NO
289.9267855849607,807.9641105820543,NO
289.16226000384364,810.0621624760192,NO
288.29256507478186,812.1066416743711,NO
287.9942401581655,812.9971798992686,NO
287.12659070115666,815.0560113618541,NO
286.3074449963742,817.0895410072656,NO
286.0112188807108,818.0053014711187,NO
285.20569732701125,820.0776987894698,NO
284.942992406108,820.9718315426665,NO
284.0971152184913,823.0436066358295,NO
283.2508285835275,825.0852918099603,NO
282.97293804230134,825.9865751469869,NO
282.1739094223613,828.0690171019987,NO
281.4187331012734,830.0832264563735,NO
281.07201693422854,831.0333254826594,NO
280.2388476124789,833.0823201109301,NO
279.96531318290937,833.9826565914547,NO
279.649780030057,834.9368230598785,NO
279.474374063027,836.0186029045711,NO
279.27732070271406,837.0652519283024,NO
279.03538347278425,838.012349526264,NO
278.80669724203574,838.9548960233388,NO
278.61018239364853,839.9564321497752,NO
278.51853586370356,840.984895243367,NO
278.4494622008665,842.0317267433142,NO
278.1915530826824,843.0608462747321,NO
277.9577158658981,843.984993278023,NO
277.71095958885,844.9472926344619,NO
277.54965394001067,845.966444802265,NO
277.5000000004902,847.0,NO
277.4089906288933,848.0489184874185,NO
277.1443018269038,849.0489494430658,NO
276.9173200260577,849.9734127144951,NO
276.67842470891344,850.9482957408804,NO
276.5377637200964,851.9728096304924,NO
276.5000000004902,853.0,NO
276.3826767675243,854.0570263396567,NO
276.10706548413174,855.0396772099863,NO
275.8760322469994,855.9611081558454,NO
275.63299733669885,856.9525055406747,NO
275.52255354973903,857.982212779667,NO
275.487900370768,859.0095666741861,NO
275.3219371724652,860.0643874335146,NO
275.06350626180307,861.0232856305373,NO
274.83135040147874,861.9533733483771,NO
274.6059781469481,862.9551896706057,NO
274.51371189840427,863.9885579266588,NO
274.5000000004902,865.0,NO
274.5000000004902,866.0,NO
274.5000000004902,867.0,NO
274.5000000004902,868.0,NO
274.5000000004902,869.0,NO
274.5000000004902,870.0,NO
274.509773875639,871.0086510496617,NO
274.5590428270184,872.0293971435484,NO
274.6503403219767,873.0363371825546,NO
274.7607765430907,874.0276748705263,NO
274.92099458514053,875.0159559952768,NO
275.1075499631418,875.9727961851518,NO
275.30710158273496,876.9458056030468,NO
275.4576451067051,877.9703876684003,NO
275.5000000004902,879.0,NO
275.5319237891399,880.0238627096927,NO
275.6561999087813,881.0492106032201,NO
275.8880342472646,882.0335897244271,NO
276.11485472545655,882.9590126286688,NO
276.3832759251407,883.9428843741136,NO
276.54069051459334,885.0261175974438,NO
276.8244962313359,886.0620641991047,NO
277.0731150403203,886.9674724436499,NO
277.4025344017795,887.9198237449776,NO
278.16321762090195,889.9304186021529,NO
279.03602848865734,891.9826215529228,NO
279.3651206958977,892.9029136842887,NO
280.1953303426934,894.9214009392506,NO
281.07821921890206,896.9633443275249,NO
281.9532675025999,899.0233662487001,NO
282.2415416294044,899.8334195592943,NO
283.0841569994496,900.9537008605984,NO
283.9007292051777,902.0568281914967,NO
284.1752944796667,902.8726634364622,NO
285.0478130701286,903.9743652814637,NO
285.5250878254617,904.6916848259665,NO
286.1628684458833,905.887958382024,NO
287.3955234057725,907.7432567366038,NO
288.1460315532122,908.9098086530861,NO
289.2655397562971,910.7913362267778,NO
290.1495248315202,911.8539933984907,NO
291.14117369777284,912.8610235582696,NO
292.13649713787385,913.8704581247255,NO
293.121517287709,914.8977850965905,NO
294.0645360302156,915.9549465445898,NO
294.9752171201747,917.0185022861596,NO
295.3531531942791,917.6775557816151,NO
296.2565030603588,918.7667812653721,NO
297.19046142449275,919.8234936835139,NO
298.15808579833106,920.8440304787099,NO
299.1493915709851,921.8537411460262,NO
300.13591591807176,922.8759916062726,NO
300.28705364637415,925.2045605649525,NO
299.12285514580446,927.0668560564767,NO
298.8561134532296,927.9308822929127,NO
298.13489036909215,929.0561048444753,NO
297.3826971849138,931.1056526046839,NO
297.13586953001794,932.0351123501721,NO
296.9502918168813,932.990141673463,NO
296.7856521049044,933.9676681940892,NO
296.6542053970712,934.965227358654,NO
296.5655808527168,935.9733038513658,NO
296.5279329596363,937.0,NO
296.565580773228,938.026696153519,NO
296.6542054007004,939.034772640981,NO
296.7856521049044,940.0323318059108,NO
296.9502918168813,941.009858326537,NO
297.13586953001794,941.9648876498279,NO
297.38269718034195,942.8943473965783,NO
298.13461386509465,944.9442908734405,NO
298.8544254704908,946.0699285507633,NO
299.12138445286877,946.933567892792,NO
300.2886078960758,948.791279670403,NO
301.14212848586766,949.8828154576273,NO
302.0940470462944,950.9098641697638,NO
303.09724586159723,951.8911007077004,NO
304.1431947166755,952.8184855735168,NO
305.28526521170545,953.5887071743363,NO
306.00344225884766,953.9944771618391,NO
307.11169741169437,954.7829276790256,NO
309.1049630374743,955.7311106255269,NO
309.99886610889644,956.0029901129392,NO
312.0689974561086,956.7287145501326,NO
313.0165620506597,956.926799824596,NO
313.98210573168177,957.1016848891734,NO
314.96535267574745,957.2531375851271,NO
315.9677608600881,957.3723100625193,NO
316.97878824947355,957.4466945265694,NO
